cam_1_X,cam_1_Y,cam_2_X,cam_2_Y,cam_3_X,cam_3_Y,EoL_3_X,EoL_4_X,EoL_5_X,EoL_6_X,EoL_3_Y,EoL_4_Y,EoL_5_Y,EoL_6_Y,EoL_1_X,EoL_1_Y,EoL_2_X,EoL_2_Y,score,con_1,con_2,con_3,rob_1_1,rob_1_2,rob_1_4,rob_1_maxVel,rob_1_supply,rob_1_vacuum,rob_1_3,rob_2_1,rob_2_2,rob_2_4,rob_2_maxVel,rob_2_supply,rob_2_vacuum,rob_2_3
0.0,0.0,0.0,0.0,0.0,0.0,0.0,0.0,0.0,0.0,0.0,0.0,0.0,0.0,0.0,0.0,0.0,0.0,0.0,74.89844251852021,74.89844251852021,74.89844251852021,0.0,0.0,0.0,2.021588253214784,99.58168047967158,0.0,0.0,0.0,0.0,0.0,2.022814119898211,100.0,0,0.0
0.0,0.0,0.0,0.0,0.0,0.0,0.0,0.0,0.0,0.0,0.0,0.0,0.0,0.0,0.0,0.0,0.0,0.0,0.0,74.89844251852021,74.89844251852021,74.89844251852021,0.0,0.0,0.0,1.9903171471583128,99.78756272622697,0.0,0.0,0.0,0.0,0.0,2.027803022696097,99.72802595555588,0,0.0
0.0,0.0,0.0,0.0,0.0,0.0,0.0,0.0,0.0,0.0,0.0,0.0,0.0,0.0,0.0,0.0,0.0,0.0,0.0,74.89844251852021,74.89844251852021,74.89844251852021,0.0,0.0,-1.2490009027033013e-15,2.018624233532123,99.78756272622697,0.0,0.0,0.0,0.0,-1.2490009027033013e-15,2.045271866643199,99.72802595555588,0,0.0
0.0,0.0,0.0,0.0,0.0,0.0,0.0,0.0,0.0,0.0,0.0,0.0,0.0,0.0,0.0,0.0,0.0,0.0,0.0,74.89844251852021,74.89844251852021,75.15181508857904,0.0,0.0,0.0,2.004592215077009,99.78756272622697,0.0,0.0,0.0,0.0,0.0,1.9878512388034275,99.72802595555588,0,0.0
0.0,0.0,0.0,0.0,0.0,0.0,0.0,0.0,0.0,0.0,0.0,0.0,0.0,0.0,0.0,0.0,0.0,0.0,0.0,74.89844251852021,74.89844251852021,74.89844251852021,0.0,0.0,0.0,2.004592215077009,99.63445156234025,0.0,0.0,0.0,0.0,0.0,1.996572956627273,99.97248282093892,0,0.0
0.0,0.0,0.0,0.0,0.0,0.0,0.0,0.0,0.0,0.0,0.0,0.0,0.0,0.0,0.0,0.0,0.0,0.0,0.0,74.89844251852021,74.89844251852021,75.15181508857904,0.0,0.0,0.0,1.9832156081735304,99.63445156234025,0.0,0.0,0.0,0.0,0.0,1.9878512388034275,99.61508032750294,0,0.0
0.0,0.0,0.0,0.0,0.0,0.0,0.0,0.0,0.0,0.0,0.0,0.0,0.0,0.0,0.0,0.0,0.0,0.0,0.0,74.89844251852021,74.89844251852021,74.89844251852021,0.0,0.0,0.0,2.004592215077009,99.63445156234025,0.0,0.0,0.0,0.0,0.0,1.996572956627273,99.61431378415956,0,0.0
0.0,0.0,0.0,0.0,0.0,0.0,0.0,0.0,0.0,0.0,0.0,0.0,0.0,0.0,0.0,0.0,0.0,0.0,0.0,74.89844251852021,74.89844251852021,74.89844251852021,0.0,0.0,0.0,1.997525023883099,99.63445156234025,0.0,0.0,0.0,0.0,0.0,1.9862550502899257,99.76762775082008,0,0.0
0.0,0.0,0.0,0.0,0.0,0.0,0.0,0.0,0.0,0.0,0.0,0.0,0.0,0.0,0.0,0.0,0.0,0.0,0.0,74.89844251852021,75.08314584952832,74.89844251852021,0.0,0.0,0.0,2.004592215077009,99.63445156234025,0.0,0.0,0.0,0.0,0.0,1.9878512388034275,99.61508032750294,0,0.0
0.0,0.0,0.0,0.0,0.0,0.0,0.0,0.0,0.0,0.0,0.0,0.0,0.0,0.0,0.0,0.0,0.0,0.0,0.0,74.89844251852021,74.89844251852021,74.89844251852021,0.0,0.0,0.0,1.9873582968693688,99.63445156234025,0.0,0.0,0.0,0.0,0.0,1.9878512388034275,99.61508032750294,0,0.0
0.0,0.0,0.0,0.0,0.0,0.0,0.0,0.0,0.0,0.0,0.0,0.0,0.0,0.0,0.0,0.0,0.0,0.0,0.0,75.08314584952832,75.08314584952832,74.89844251852021,0.0,0.0,0.0,2.020743274222946,99.60463429336856,0.0,0.0,0.0,0.0,0.0,1.979842077759716,99.61508032750294,0,0.0
0.0,0.0,0.0,0.0,0.0,0.0,0.0,0.0,0.0,0.0,0.0,0.0,0.0,0.0,0.0,0.0,0.0,0.0,0.0,74.89844251852021,74.89844251852021,74.89844251852021,0.0,0.0,0.0,2.004592215077009,99.60463429336856,0.0,0.0,0.0,0.0,0.0,1.9878512388034275,99.61508032750294,0,0.0
0.0,0.0,0.0,0.0,0.0,0.0,0.0,0.0,0.0,0.0,0.0,0.0,0.0,0.0,0.0,0.0,0.0,0.0,0.0,75.08314584952832,75.15181508857904,74.89844251852021,0.0,0.0,0.0,2.004592215077009,99.63445156234025,0.0,0.0,0.0,0.0,0.0,1.9878512388034275,99.61508032750294,0,0.0
0.0,0.0,0.0,0.0,0.0,0.0,0.0,0.0,0.0,0.0,0.0,0.0,0.0,0.0,0.0,0.0,0.0,0.0,0.0,74.89844251852021,74.89844251852021,74.89844251852021,0.0,0.0,0.0,2.0132718511715666,99.60463429336856,0.0,0.0,0.0,0.0,0.0,1.979842077759716,99.61508032750294,0,0.0
0.0,0.0,0.0,0.0,0.0,0.0,0.0,0.0,0.0,0.0,0.0,0.0,0.0,0.0,0.0,0.0,0.0,0.0,0.0,75.15181508857904,75.15181508857904,74.89844251852021,0.0,0.0,0.0,2.037237197913386,99.60463429336856,0.0,0.0,0.0,0.0,0.0,2.0134384307227835,99.61508032750294,0,0.0
0.0,0.0,0.0,0.0,0.0,0.0,0.0,0.0,0.0,0.0,0.0,0.0,0.0,0.0,0.0,0.0,0.0,0.0,0.0,74.89844251852021,74.89844251852021,74.89844251852021,0.0,0.0,0.0,2.004592215077009,99.63445156234025,0.0,0.0,0.0,0.0,0.0,1.9862550502899257,99.76762775082008,0,0.0
0.0,0.0,0.0,0.0,0.0,0.0,0.0,0.0,0.0,0.0,0.0,0.0,0.0,0.0,0.0,0.0,0.0,0.0,0.0,74.89844251852021,74.89844251852021,74.89844251852021,0.0,0.0,0.0,1.9832156081735304,99.63445156234025,0.0,0.0,0.0,0.0,0.0,1.9878512388034275,99.61508032750294,0,0.0
0.0,0.0,0.0,0.0,0.0,0.0,0.0,0.0,0.0,0.0,0.0,0.0,0.0,0.0,0.0,0.0,0.0,0.0,0.0,74.89844251852021,74.89844251852021,74.89844251852021,0.0,0.0,0.0,1.997525023883099,99.63445156234025,0.0,0.0,0.0,0.0,0.0,1.9860245464035535,99.61508032750294,0,0.0
0.0,0.0,0.0,0.0,0.0,0.0,0.0,0.0,0.0,0.0,0.0,0.0,0.0,0.0,0.0,0.0,0.0,0.0,0.0,74.89844251852021,74.89844251852021,75.15181508857904,0.0,0.0,0.0,1.9873582968693688,99.63445156234025,0.0,0.0,0.0,0.0,0.0,1.9878512388034275,99.61508032750294,0,0.0
0.0,0.0,0.0,0.0,0.0,0.0,0.0,0.0,0.0,0.0,0.0,0.0,0.0,0.0,0.0,0.0,0.0,0.0,0.0,74.89844251852021,74.89844251852021,74.89844251852021,0.0,0.0,0.0,2.004592215077009,99.63445156234025,0.0,0.0,0.0,0.0,0.0,1.996572956627273,99.97248282093892,0,0.0
0.0,0.0,0.0,0.0,0.0,0.0,0.0,0.0,0.0,0.0,0.0,0.0,0.0,0.0,0.0,0.0,0.0,0.0,0.0,75.03735239671775,75.03735239671775,75.03861958853365,0.0,0.0,0.0,2.041242038872551,99.63445156234025,0.0,0.0,0.0,0.0,0.0,2.006475926122502,99.97248282093892,0,0.0
0.0,0.0,0.0,0.0,0.0,0.0,0.0,0.0,0.0,0.0,0.0,0.0,0.0,0.0,0.0,0.0,0.0,0.0,0.0,75.03735239671775,75.03735239671775,75.03735239671775,0.0,0.0,0.0,2.041242038872551,99.63445156234025,0.0,0.0,0.0,0.0,0.0,2.0045346586503543,99.97248282093892,0,0.0
0.0,0.0,0.0,0.0,0.0,0.0,0.0,0.0,0.0,0.0,0.0,0.0,0.0,0.0,0.0,0.0,0.0,0.0,0.0,75.03735239671775,75.03735239671775,75.03735239671775,0.0,0.0,0.0,2.041242038872551,99.63445156234025,0.0,0.0,0.0,0.0,0.0,2.004145707386244,99.97248282093892,0,0.0
0.0,0.0,0.0,0.0,0.0,0.0,0.0,0.0,0.0,0.0,0.0,0.0,0.0,0.0,0.0,0.0,0.0,0.0,0.0,75.03735239671775,75.03735239671775,75.0653794042407,0.0,0.0,0.0,2.06542148271801,99.63445156234025,0.0,0.0,0.0,0.0,0.0,2.0045346586503543,99.97248282093892,0,0.0
0.0,0.0,0.0,0.0,0.0,0.0,0.0,0.0,0.0,0.0,0.0,0.0,0.0,0.0,0.0,0.0,0.0,0.0,0.0,75.03735239671775,75.03735239671775,75.03735239671775,0.0,0.0,0.0,2.018635738050262,99.63445156234025,0.0,0.0,0.0,0.0,0.0,1.9626744627066337,99.97248282093892,0,0.0
0.0,0.0,0.0,0.0,0.0,0.0,0.0,0.0,0.0,0.0,0.0,0.0,0.0,0.0,0.0,0.0,0.0,0.0,0.0,75.03735239671775,75.03735239671775,75.03735239671775,0.0,0.0,0.0,2.06542148271801,99.63445156234025,0.0,0.0,0.0,0.0,0.0,1.9926658954163103,99.97248282093892,0,0.0
0.0,0.0,0.0,0.0,0.0,0.0,0.0,0.0,0.0,0.0,0.0,0.0,0.0,0.0,0.0,0.0,0.0,0.0,0.0,75.03735239671775,75.03861958853365,75.03735239671775,0.0,0.0,0.0,2.041242038872551,99.63445156234025,0.0,0.0,0.0,0.0,0.0,2.004145707386244,99.97248282093892,0,0.0
0.0,0.0,0.0,0.0,0.0,0.0,0.0,0.0,0.0,0.0,0.0,0.0,0.0,0.0,0.0,0.0,0.0,0.0,0.0,75.03735239671775,75.03735239671775,75.03735239671775,0.0,0.0,0.0,2.041242038872551,99.63445156234025,0.0,0.0,0.0,0.0,0.0,2.004145707386244,99.97248282093892,0,0.0
0.0,0.0,0.0,0.0,0.0,0.0,0.0,0.0,0.0,0.0,0.0,0.0,0.0,0.0,0.0,0.0,0.0,0.0,0.0,75.03735239671775,75.03735239671775,75.03735239671775,0.0,0.0,0.0,2.041242038872551,99.63445156234025,0.0,0.0,0.0,0.0,0.0,1.9868390739146056,99.97248282093892,0,0.0
0.0,0.0,0.0,0.0,0.0,0.0,0.0,0.0,0.0,0.0,0.0,0.0,0.0,0.0,0.0,0.0,0.0,0.0,0.0,75.03735239671775,75.03735239671775,75.03735239671775,0.0,0.0,0.0,1.9528398806205864,99.63445156234025,0.0,0.0,0.0,0.0,0.0,1.9868390739146056,99.97248282093892,0,0.0
0.0,0.0,0.0,0.0,0.0,0.0,0.0,0.0,0.0,0.0,0.0,0.0,0.0,0.0,0.0,0.0,0.0,0.0,0.0,75.03735239671775,75.03735239671775,75.03735239671775,0.0,0.0,0.0,2.018635738050262,99.63445156234025,0.0,0.0,0.0,0.0,0.0,1.9626744627066337,99.97248282093892,0,0.0
0.0,0.0,0.0,0.0,0.0,0.0,0.0,0.0,0.0,0.0,0.0,0.0,0.0,0.0,0.0,0.0,0.0,0.0,0.0,75.03735239671775,75.03735239671775,75.03735239671775,0.0,0.0,0.0,2.06542148271801,99.63445156234025,0.0,0.0,0.0,0.0,0.0,1.9861303150255656,99.97248282093892,0,0.0
0.0,0.0,0.0,0.0,0.0,0.0,0.0,0.0,0.0,0.0,0.0,0.0,0.0,0.0,0.0,0.0,0.0,0.0,0.0,75.03861958853365,75.03735239671775,75.03735239671775,0.0,0.0,0.0,1.9557706768524676,99.63445156234025,0.0,0.0,0.0,0.0,0.0,2.0045346586503543,99.97248282093892,0,0.0
0.0,0.0,0.0,0.0,0.0,0.0,0.0,0.0,0.0,0.0,0.0,0.0,0.0,0.0,0.0,0.0,0.0,0.0,0.0,75.03735239671775,75.03735239671775,75.03735239671775,0.0,0.0,0.0,2.041242038872551,99.63445156234025,0.0,0.0,0.0,0.0,0.0,2.0045346586503543,99.97248282093892,0,0.0
0.0,0.0,0.0,0.0,0.0,0.0,0.0,0.0,0.0,0.0,0.0,0.0,0.0,0.0,0.0,0.0,0.0,0.0,0.0,75.03735239671775,75.03861958853365,75.03735239671775,0.0,0.0,0.0,2.06542148271801,99.63445156234025,0.0,0.0,0.0,0.0,0.0,1.9868390739146056,99.97248282093892,0,0.0
0.0,0.0,0.0,0.0,0.0,0.0,0.0,0.0,0.0,0.0,0.0,0.0,0.0,0.0,0.0,0.0,0.0,0.0,0.0,75.03735239671775,75.03735239671775,75.03735239671775,0.0,0.0,0.0,2.041242038872551,99.63445156234025,0.0,0.0,0.0,0.0,0.0,1.9626744627066337,99.97248282093892,0,0.0
0.0,0.0,0.0,0.0,0.0,0.0,0.0,0.0,0.0,0.0,0.0,0.0,0.0,0.0,0.0,0.0,0.0,0.0,0.0,75.03735239671775,75.03735239671775,75.03735239671775,0.0,0.0,0.0,2.041242038872551,99.63445156234025,0.0,0.0,0.0,0.0,0.0,1.9868390739146056,99.97248282093892,0,0.0
0.0,0.0,0.0,0.0,0.0,0.0,0.0,0.0,0.0,0.0,0.0,0.0,0.0,0.0,0.0,0.0,0.0,0.0,0.0,75.03735239671775,75.0653794042407,75.03735239671775,0.0,0.0,0.0,1.9557706768524676,99.63445156234025,0.0,0.0,0.0,0.0,0.0,2.02201599569443,99.97248282093892,0,0.0
0.0,0.0,0.0,0.0,0.0,0.0,0.0,0.0,0.0,0.0,0.0,0.0,0.0,0.0,0.0,0.0,0.0,0.0,0.0,75.03735239671775,75.03735239671775,75.03735239671775,0.0,0.0,0.0,2.018635738050262,99.59167002162124,0.0,0.0,0.0,0.0,0.0,2.027061243094724,99.97248282093892,0,0.0
0.0,0.0,0.0,0.0,0.0,0.0,0.0,0.0,0.0,0.0,0.0,0.0,0.0,0.0,0.0,0.0,0.0,0.0,0.0,75.03735239671775,75.03735239671775,75.03735239671775,0.0,0.0,0.0,2.025415925700051,99.59167002162124,0.0,0.0,0.0,0.0,0.0,2.006475926122502,99.97248282093892,0,0.0
0.0,0.0,0.0,0.0,0.0,0.0,0.0,0.0,0.0,0.0,0.0,0.0,0.0,0.0,0.0,0.0,0.0,0.0,0.0,74.9965309854715,74.9965309854715,74.95383938012164,0.0,0.0,0.0,1.966540862812922,99.87242385198157,0.0,0.0,0.0,0.0,0.0,2.0021604652021554,99.97248282093892,0,0.0
0.0,0.0,0.0,0.0,0.0,0.0,0.0,0.0,0.0,0.0,0.0,0.0,0.0,0.0,0.0,0.0,0.0,0.0,0.0,74.9965309854715,74.9965309854715,74.9965309854715,0.0,0.0,0.0,1.9926892241045964,99.74553303828164,0.0,0.0,0.0,0.0,0.0,2.012085227888072,99.97248282093892,0,0.0
0.0,0.0,0.0,0.0,0.0,0.0,0.0,0.0,0.0,0.0,0.0,0.0,0.0,0.0,0.0,0.0,0.0,0.0,0.0,74.9965309854715,74.9965309854715,74.9965309854715,0.0,0.0,0.0,2.001614334345352,99.74553303828164,0.0,0.0,0.0,0.0,0.0,2.003978406734885,99.97248282093892,0,0.0
0.0,0.0,0.0,0.0,0.0,0.0,0.0,0.0,0.0,0.0,0.0,0.0,0.0,0.0,0.0,0.0,0.0,0.0,0.0,74.9965309854715,74.9965309854715,74.95383938012164,0.0,0.0,0.0,2.0040939271027423,99.74553303828164,0.0,0.0,0.0,0.0,0.0,2.012085227888072,99.97248282093892,0,0.0
0.0,0.0,0.0,0.0,0.0,0.0,0.0,0.0,0.0,0.0,0.0,0.0,0.0,0.0,0.0,0.0,0.0,0.0,0.0,74.9965309854715,74.9965309854715,74.9965309854715,0.0,0.0,0.0,2.0040939271027423,99.74553303828164,0.0,0.0,0.0,0.0,0.0,2.012085227888072,99.97248282093892,0,0.0
0.0,0.0,0.0,0.0,0.0,0.0,0.0,0.0,0.0,0.0,0.0,0.0,0.0,0.0,0.0,0.0,0.0,0.0,0.0,74.9965309854715,74.9965309854715,74.9965309854715,0.0,0.0,0.0,1.9926892241045964,99.74553303828164,0.0,0.0,0.0,0.0,0.0,2.0021604652021554,99.97248282093892,0,0.0
0.0,0.0,0.0,0.0,0.0,0.0,0.0,0.0,0.0,0.0,0.0,0.0,0.0,0.0,0.0,0.0,0.0,0.0,0.0,74.9965309854715,74.9965309854715,74.95383938012164,0.0,0.0,0.0,1.966540862812922,99.87242385198157,0.0,0.0,0.0,0.0,0.0,2.0021604652021554,99.97248282093892,0,0.0
0.0,0.0,0.0,0.0,0.0,0.0,0.0,0.0,0.0,0.0,0.0,0.0,0.0,0.0,0.0,0.0,0.0,0.0,0.0,74.9965309854715,74.9965309854715,74.9965309854715,0.0,0.0,0.0,2.0040939271027423,99.87242385198157,0.0,0.0,0.0,0.0,0.0,2.012085227888072,99.97248282093892,0,0.0
0.0,0.0,0.0,0.0,0.0,0.0,0.0,0.0,0.0,0.0,0.0,0.0,0.0,0.0,0.0,0.0,0.0,0.0,0.0,74.9965309854715,74.9965309854715,74.9965309854715,0.0,0.0,0.0,2.0040939271027423,99.87242385198157,0.0,0.0,0.0,0.0,0.0,2.012085227888072,99.97248282093892,0,0.0
0.0,0.0,0.0,0.0,0.0,0.0,0.0,0.0,0.0,0.0,0.0,0.0,0.0,0.0,0.0,0.0,0.0,0.0,0.0,74.9965309854715,74.9965309854715,74.9965309854715,0.0,0.0,0.0,1.966540862812922,99.87242385198157,0.0,0.0,0.0,0.0,0.0,2.0021604652021554,99.97248282093892,0,0.0
0.0,0.0,0.0,0.0,0.0,0.0,0.0,0.0,0.0,0.0,0.0,0.0,0.0,0.0,0.0,0.0,0.0,0.0,0.0,74.9965309854715,74.9965309854715,74.9965309854715,0.0,0.0,0.0,2.001614334345352,99.87242385198157,0.0,0.0,0.0,0.0,0.0,2.012085227888072,99.97248282093892,0,0.0
0.0,0.0,0.0,0.0,0.0,0.0,0.0,0.0,0.0,0.0,0.0,0.0,0.0,0.0,0.0,0.0,0.0,0.0,0.0,74.9965309854715,74.9965309854715,74.9965309854715,0.0,0.0,0.0,1.966540862812922,99.87242385198157,0.0,0.0,0.0,0.0,0.0,2.0021604652021554,99.97248282093892,0,0.0
0.0,0.0,0.0,0.0,0.0,0.0,0.0,0.0,0.0,0.0,0.0,0.0,0.0,0.0,0.0,0.0,0.0,0.0,0.0,74.9965309854715,74.9965309854715,74.95383938012164,0.0,0.0,0.0,1.9926892241045964,99.74553303828164,0.0,0.0,0.0,0.0,0.0,2.0115068981611453,99.97248282093892,0,0.0
0.0,0.0,0.0,0.0,0.0,0.0,0.0,0.0,0.0,0.0,0.0,0.0,0.0,0.0,0.0,0.0,0.0,0.0,0.0,74.9965309854715,74.9965309854715,74.9965309854715,0.0,0.0,0.0,2.0040939271027423,99.87242385198157,0.0,0.0,0.0,0.0,0.0,2.012085227888072,99.97248282093892,0,0.0
0.0,0.0,0.0,0.0,0.0,0.0,0.0,0.0,0.0,0.0,0.0,0.0,0.0,0.0,0.0,0.0,0.0,0.0,0.0,74.9965309854715,74.95383938012164,74.9965309854715,0.0,0.0,0.0,1.9926892241045964,99.74553303828164,0.0,0.0,0.0,0.0,0.0,2.0021604652021554,99.97248282093892,0,0.0
0.0,0.0,0.0,0.0,0.0,0.0,0.0,0.0,0.0,0.0,0.0,0.0,0.0,0.0,0.0,0.0,0.0,0.0,0.0,74.9965309854715,74.9965309854715,74.95383938012164,0.0,0.0,0.0,2.0040939271027423,99.74553303828164,0.0,0.0,0.0,0.0,0.0,2.012085227888072,99.97248282093892,0,0.0
0.0,0.0,0.0,0.0,0.0,0.0,0.0,0.0,0.0,0.0,0.0,0.0,0.0,0.0,0.0,0.0,0.0,0.0,0.0,74.9965309854715,74.9965309854715,74.9965309854715,0.0,0.0,0.0,1.9926892241045964,99.74553303828164,0.0,0.0,0.0,0.0,0.0,1.9815064494121208,99.97248282093892,0,0.0
0.0,0.0,0.0,0.0,0.0,0.0,0.0,0.0,0.0,0.0,0.0,0.0,0.0,0.0,0.0,0.0,0.0,0.0,0.0,74.9965309854715,74.95383938012164,74.9965309854715,0.0,0.0,0.0,2.0040939271027423,99.74553303828164,0.0,0.0,0.0,0.0,0.0,2.012085227888072,99.97248282093892,0,0.0
0.0,0.0,0.0,0.0,0.0,0.0,0.0,0.0,0.0,0.0,0.0,0.0,0.0,0.0,0.0,0.0,0.0,0.0,0.0,74.9965309854715,74.9965309854715,74.95383938012164,0.0,0.0,0.0,1.9798841286534956,99.87242385198157,0.0,0.0,0.0,0.0,0.0,2.0021604652021554,99.97248282093892,0,0.0
0.0,0.0,0.0,0.0,0.0,0.0,0.0,0.0,0.0,0.0,0.0,0.0,0.0,0.0,0.0,0.0,0.0,0.0,0.0,74.9965309854715,74.9965309854715,74.9965309854715,0.0,0.0,0.0,1.9926892241045964,99.74553303828164,0.0,0.0,0.0,0.0,0.0,2.003978406734885,99.97248282093892,0,0.0
0.0,0.0,0.0,0.0,0.0,0.0,0.0,0.0,0.0,0.0,0.0,0.0,0.0,0.0,0.0,0.0,0.0,0.0,0.0,74.9965309854715,74.9965309854715,74.9965309854715,0.0,0.0,0.0,1.966540862812922,99.87242385198157,0.0,0.0,0.0,0.0,0.0,1.9812812984056851,99.97248282093892,0,0.0
0.0,0.0,0.0,0.0,0.0,0.0,0.0,0.0,0.0,0.0,0.0,0.0,0.0,0.0,0.0,0.0,0.0,0.0,0.0,74.96348015079316,74.96348015079316,74.97013305597729,0.0,0.0,0.0,2.024471282242666,99.87242385198157,0.0,0.0,0.0,0.0,0.0,1.994323274958641,99.97248282093892,0,0.0
0.0,0.0,0.0,0.0,0.0,0.0,0.0,0.0,0.0,0.0,0.0,0.0,0.0,0.0,0.0,0.0,0.0,0.0,0.0,74.96348015079316,74.96348015079316,74.96348015079316,0.0,0.0,0.0,2.0267447373038143,99.87242385198157,0.0,0.0,0.0,0.0,0.0,1.994323274958641,99.97248282093892,0,0.0
0.0,0.0,0.0,0.0,0.0,0.0,0.0,0.0,0.0,0.0,0.0,0.0,0.0,0.0,0.0,0.0,0.0,0.0,0.0,74.96348015079316,74.97276977232094,74.96348015079316,0.0,0.0,0.0,1.9528652582812112,99.574708767992,0.0,0.0,0.0,0.0,0.0,1.9608447057921468,99.97248282093892,0,0.0
0.0,0.0,0.0,0.0,0.0,0.0,0.0,0.0,0.0,0.0,0.0,0.0,0.0,0.0,0.0,0.0,0.0,0.0,0.0,74.96348015079316,74.96348015079316,74.96348015079316,0.0,0.0,0.0,2.0239639774568694,99.574708767992,0.0,0.0,0.0,0.0,0.0,2.0080640789422137,99.97248282093892,0,0.0
0.0,0.0,0.0,0.0,0.0,0.0,0.0,0.0,0.0,0.0,0.0,0.0,0.0,0.0,0.0,0.0,0.0,0.0,0.0,74.96348015079316,74.96348015079316,74.96348015079316,0.0,0.0,0.0,1.9528652582812112,99.574708767992,0.0,0.0,0.0,0.0,0.0,1.9853057171455464,99.97248282093892,0,0.0
0.0,0.0,0.0,0.0,0.0,0.0,0.0,0.0,0.0,0.0,0.0,0.0,0.0,0.0,0.0,0.0,0.0,0.0,0.0,74.96348015079316,74.96348015079316,74.96348015079316,0.0,0.0,0.0,2.02096044137716,99.574708767992,0.0,0.0,0.0,0.0,0.0,1.994323274958641,99.97248282093892,0,0.0
0.0,0.0,0.0,0.0,0.0,0.0,0.0,0.0,0.0,0.0,0.0,0.0,0.0,0.0,0.0,0.0,0.0,0.0,0.0,74.96348015079316,74.96348015079316,74.96348015079316,0.0,0.0,0.0,2.0418436914713847,99.574708767992,0.0,0.0,0.0,0.0,0.0,1.994323274958641,99.97248282093892,0,0.0
0.0,0.0,0.0,0.0,0.0,0.0,0.0,0.0,0.0,0.0,0.0,0.0,0.0,0.0,0.0,0.0,0.0,0.0,0.0,74.96348015079316,74.96348015079316,74.96348015079316,0.0,0.0,0.0,1.9528652582812112,99.574708767992,0.0,0.0,0.0,0.0,0.0,1.9853057171455464,99.97248282093892,0,0.0
0.0,0.0,0.0,0.0,0.0,0.0,0.0,0.0,0.0,0.0,0.0,0.0,0.0,0.0,0.0,0.0,0.0,0.0,0.0,74.96348015079316,74.96348015079316,74.96348015079316,0.0,0.0,0.0,1.9528652582812112,99.574708767992,0.0,0.0,0.0,0.0,0.0,2.01902485770671,99.97248282093892,0,0.0
0.0,0.0,0.0,0.0,0.0,0.0,0.0,0.0,0.0,0.0,0.0,0.0,0.0,0.0,0.0,0.0,0.0,0.0,0.0,74.96348015079316,74.97013305597729,74.97013305597729,0.0,0.0,0.0,2.0418436914713847,99.574708767992,0.0,0.0,0.0,0.0,0.0,2.01902485770671,99.97248282093892,0,0.0
0.0,0.0,0.0,0.0,0.0,0.0,0.0,0.0,0.0,0.0,0.0,0.0,0.0,0.0,0.0,0.0,0.0,0.0,0.0,74.96348015079316,74.96348015079316,74.96348015079316,0.0,0.0,0.0,1.9528652582812112,99.574708767992,0.0,0.0,0.0,0.0,0.0,2.00266897331035,99.97248282093892,0,0.0
0.0,0.0,0.0,0.0,0.0,0.0,0.0,0.0,0.0,0.0,0.0,0.0,0.0,0.0,0.0,0.0,0.0,0.0,0.0,74.96348015079316,74.96348015079316,74.96348015079316,0.0,0.0,0.0,2.02096044137716,99.574708767992,0.0,0.0,0.0,0.0,0.0,2.01902485770671,99.97248282093892,0,0.0
0.0,0.0,0.0,0.0,0.0,0.0,0.0,0.0,0.0,0.0,0.0,0.0,0.0,0.0,0.0,0.0,0.0,0.0,0.0,74.97276977232094,74.96348015079316,74.96348015079316,0.0,0.0,0.0,2.0267447373038143,99.574708767992,0.0,0.0,0.0,0.0,0.0,2.01902485770671,99.97248282093892,0,0.0
0.0,0.0,0.0,0.0,0.0,0.0,0.0,0.0,0.0,0.0,0.0,0.0,0.0,0.0,0.0,0.0,0.0,0.0,0.0,74.96348015079316,74.96348015079316,74.96348015079316,0.0,0.0,0.0,2.02096044137716,99.574708767992,0.0,0.0,0.0,0.0,0.0,2.0057893361899963,99.97248282093892,0,0.0
0.0,0.0,0.0,0.0,0.0,0.0,0.0,0.0,0.0,0.0,0.0,0.0,0.0,0.0,0.0,0.0,0.0,0.0,0.0,74.96348015079316,74.97276977232094,74.96348015079316,0.0,0.0,0.0,1.9528652582812112,99.574708767992,0.0,0.0,0.0,0.0,0.0,2.01902485770671,99.97248282093892,0,0.0
0.0,0.0,0.0,0.0,0.0,0.0,0.0,0.0,0.0,0.0,0.0,0.0,0.0,0.0,0.0,0.0,0.0,0.0,0.0,74.96348015079316,74.96348015079316,74.96348015079316,0.0,0.0,0.0,2.02096044137716,99.574708767992,0.0,0.0,0.0,0.0,0.0,1.994323274958641,99.97248282093892,0,0.0
0.0,0.0,0.0,0.0,0.0,0.0,0.0,0.0,0.0,0.0,0.0,0.0,0.0,0.0,0.0,0.0,0.0,0.0,0.0,74.96348015079316,74.96348015079316,74.96348015079316,0.0,0.0,0.0,2.02096044137716,99.574708767992,0.0,0.0,0.0,0.0,0.0,2.0057893361899963,99.97248282093892,0,0.0
0.0,0.0,0.0,0.0,0.0,0.0,0.0,0.0,0.0,0.0,0.0,0.0,0.0,0.0,0.0,0.0,0.0,0.0,0.0,74.96348015079316,74.96348015079316,74.96348015079316,0.0,0.0,0.0,1.9528652582812112,99.574708767992,0.0,0.0,0.0,0.0,0.0,1.994323274958641,99.97248282093892,0,0.0
0.0,0.0,0.0,0.0,0.0,0.0,0.0,0.0,0.0,0.0,0.0,0.0,0.0,0.0,0.0,0.0,0.0,0.0,0.0,74.96348015079316,74.96348015079316,74.97276977232094,0.0,0.0,0.0,2.02096044137716,99.574708767992,0.0,0.0,0.0,0.0,0.0,1.994323274958641,99.97248282093892,0,0.0
0.0,0.0,0.0,0.0,0.0,0.0,0.0,0.0,0.0,0.0,0.0,0.0,0.0,0.0,0.0,0.0,0.0,0.0,0.0,74.97013305597729,74.96348015079316,74.96348015079316,0.0,0.0,0.0,1.9528652582812112,99.574708767992,0.0,0.0,0.0,0.0,0.0,1.994323274958641,99.97248282093892,0,0.0
0.0,0.0,0.0,0.0,0.0,0.0,0.0,0.0,0.0,0.0,0.0,0.0,0.0,0.0,0.0,0.0,0.0,0.0,0.0,75.05215729388091,75.05215729388091,75.10943932578857,0.0,0.0,0.0,1.989151758962328,99.88457147666766,0.0,0.0,0.0,0.0,0.0,1.982507804110024,99.54081296331196,0,0.0
0.0,0.0,0.0,0.0,0.0,0.0,0.0,0.0,0.0,0.0,0.0,0.0,0.0,0.0,0.0,0.0,0.0,0.0,0.0,75.05215729388091,75.10943932578857,75.05215729388091,0.0,0.0,0.0,1.989424468775376,99.57520409649148,0.0,0.0,0.0,0.0,0.0,2.0446686983108657,99.54081296331196,0,0.0
0.0,0.0,0.0,0.0,0.0,0.0,0.0,0.0,0.0,0.0,0.0,0.0,0.0,0.0,0.0,0.0,0.0,0.0,0.0,75.05215729388091,75.05215729388091,75.05215729388091,0.0,0.0,0.0,1.989424468775376,99.82874684377974,0.0,0.0,0.0,0.0,0.0,2.004524257504676,99.54081296331196,0,0.0
0.0,0.0,0.0,0.0,0.0,0.0,0.0,0.0,0.0,0.0,0.0,0.0,0.0,0.0,0.0,0.0,0.0,0.0,0.0,75.05215729388091,75.05215729388091,75.06110930078893,0.0,0.0,0.0,1.9856595634721563,99.96330190719836,0.0,0.0,0.0,0.0,0.0,2.004524257504676,99.62798604937396,0,0.0
0.0,0.0,0.0,0.0,0.0,0.0,0.0,0.0,0.0,0.0,0.0,0.0,0.0,0.0,0.0,0.0,0.0,0.0,0.0,75.06110930078893,75.05215729388091,75.05215729388091,0.0,0.0,0.0,1.989424468775376,99.57520409649148,0.0,0.0,0.0,0.0,0.0,2.004524257504676,99.62798604937396,0,0.0
0.0,0.0,0.0,0.0,0.0,0.0,0.0,0.0,0.0,0.0,0.0,0.0,0.0,0.0,0.0,0.0,0.0,0.0,0.0,75.05215729388091,75.05215729388091,75.05215729388091,0.0,0.0,0.0,1.993447749954799,99.96330190719836,0.0,0.0,0.0,0.0,0.0,2.022585984069701,99.62798604937396,0,0.0
0.0,0.0,0.0,0.0,0.0,0.0,0.0,0.0,0.0,0.0,0.0,0.0,0.0,0.0,0.0,0.0,0.0,0.0,0.0,75.05215729388091,75.05215729388091,75.05215729388091,0.0,0.0,0.0,1.97750668915008,99.78933686342182,0.0,0.0,0.0,0.0,0.0,2.004906027814976,99.82925199882683,0,0.0
0.0,0.0,0.0,0.0,0.0,0.0,0.0,0.0,0.0,0.0,0.0,0.0,0.0,0.0,0.0,0.0,0.0,0.0,0.0,75.05215729388091,75.05215729388091,75.05215729388091,0.0,0.0,0.0,1.989151758962328,99.88457147666766,0.0,0.0,0.0,0.0,0.0,2.023627345903316,99.82925199882683,0,0.0
0.0,0.0,0.0,0.0,0.0,0.0,0.0,0.0,0.0,0.0,0.0,0.0,0.0,0.0,0.0,0.0,0.0,0.0,0.0,75.05215729388091,75.05215729388091,75.10943932578857,0.0,0.0,0.0,1.9856595634721563,99.96330190719836,0.0,0.0,0.0,0.0,0.0,2.004461792496883,99.82925199882683,0,0.0
0.0,0.0,0.0,0.0,0.0,0.0,0.0,0.0,0.0,0.0,0.0,0.0,0.0,0.0,0.0,0.0,0.0,0.0,0.0,75.10943932578857,75.06110930078893,75.05215729388091,0.0,0.0,0.0,1.989424468775376,99.78933686342182,0.0,0.0,0.0,0.0,0.0,2.004524257504676,99.62798604937396,0,0.0
0.0,0.0,0.0,0.0,0.0,0.0,0.0,0.0,0.0,0.0,0.0,0.0,0.0,0.0,0.0,0.0,0.0,0.0,0.0,75.05215729388091,75.05215729388091,75.05215729388091,0.0,0.0,0.0,1.989151758962328,99.88457147666766,0.0,0.0,0.0,0.0,0.0,2.004524257504676,99.62798604937396,0,0.0
0.5078125,0.5078125,0.0,0.0,0.0,0.0,0.0,0.0,0.0,0.0,0.0,0.0,0.0,0.0,0.0,0.0,0.0,0.0,0.0,75.05215729388091,75.05215729388091,75.05215729388091,0.0,0.0,0.0,1.9856595634721563,99.96330190719836,0.0,0.0,0.0,0.0,0.0,2.023627345903316,99.62798604937396,0,0.0
0.5078125,0.5078125,0.0,0.0,0.0,0.0,0.0,0.0,0.0,0.0,0.0,0.0,0.0,0.0,0.0,0.0,0.0,0.0,0.0,75.05215729388091,75.05215729388091,75.05215729388091,0.0,0.0,0.0,1.97750668915008,99.78933686342182,0.0,0.0,0.0,0.0,0.0,2.0446686983108657,99.62798604937396,0,0.0
0.5078125,0.5078125,0.0,0.0,0.0,0.0,0.0,0.0,0.0,0.0,0.0,0.0,0.0,0.0,0.0,0.0,0.0,0.0,0.0,75.05215729388091,75.05215729388091,75.10943932578857,0.0,0.0,0.0,1.97750668915008,99.78933686342182,0.0,0.0,0.0,0.0,0.0,2.0446686983108657,99.62798604937396,0,0.0
0.5078125,0.5078125,0.0,0.0,0.0,0.0,0.0,0.0,0.0,0.0,0.0,0.0,0.0,0.0,0.0,0.0,0.0,0.0,0.0,75.05215729388091,75.10943932578857,75.05215729388091,0.0,0.0,0.0,1.989151758962328,99.88457147666766,0.0,0.0,0.0,0.0,0.0,2.022585984069701,99.62798604937396,0,0.0
0.5078125,0.5078125,0.0,0.0,0.0,0.0,0.0,0.0,0.0,0.0,0.0,0.0,0.0,0.0,0.0,0.0,0.0,0.0,0.0,75.10943932578857,75.05215729388091,75.05215729388091,0.0,0.0,0.0,1.97750668915008,99.78933686342182,0.0,0.0,0.0,0.0,0.0,2.0446686983108657,99.62798604937396,0,0.0
0.5078125,0.5078125,0.0,0.0,0.0,0.0,0.0,0.0,0.0,0.0,0.0,0.0,0.0,0.0,0.0,0.0,0.0,0.0,0.0,75.05215729388091,75.05215729388091,75.05215729388091,0.0,0.0,0.0,1.989424468775376,99.78933686342182,0.0,0.0,0.0,0.0,0.0,2.004906027814976,99.82925199882683,0,0.0
0.5078125,0.5078125,0.0,0.0,0.0,0.0,0.0,0.0,0.0,0.0,0.0,0.0,0.0,0.0,0.0,0.0,0.0,0.0,0.0,75.05215729388091,75.05215729388091,75.05215729388091,0.0,0.0,0.0,1.989151758962328,99.88457147666766,0.0,0.0,0.0,0.0,0.0,2.023627345903316,99.82925199882683,0,0.0
0.5078125,0.5078125,0.0,0.0,0.0,0.0,0.0,0.0,0.0,0.0,0.0,0.0,0.0,0.0,0.0,0.0,0.0,0.0,0.0,75.10943932578857,75.05215729388091,75.10943932578857,0.0,0.0,0.0,1.989424468775376,99.57520409649148,0.0,0.0,0.0,0.0,0.0,2.004524257504676,99.82925199882683,0,0.0
0.5078125,0.5078125,0.0,0.0,0.0,0.0,0.0,0.0,0.0,0.0,0.0,0.0,0.0,0.0,0.0,0.0,0.0,0.0,0.0,75.05215729388091,75.05215729388091,75.05215729388091,0.0,0.0,0.0,1.97750668915008,99.78933686342182,0.0,0.0,0.0,0.0,0.0,2.004524257504676,99.62798604937396,0,0.0
0.5078125,0.5078125,0.0,0.0,0.0,0.0,0.0,0.0,0.0,0.0,0.0,0.0,0.0,0.0,0.0,0.0,0.0,0.0,0.0,74.96378968876392,74.96378968876392,74.96378968876392,0.0,0.0,0.0,2.004029664998728,99.75334703358097,0.0,0.0,0.0,0.0,0.0,1.9488101850597723,99.62798604937396,0,0.0
0.5078125,0.5078125,0.0,0.0,0.0,0.0,0.0,0.0,0.0,0.0,0.0,0.0,0.0,0.0,0.0,0.0,0.0,0.0,0.0,74.9987451161785,74.96378968876392,74.9987451161785,0.0,0.0,0.0,2.004029664998728,99.75334703358097,0.0,0.0,0.0,0.0,0.0,2.04571302942402,99.62798604937396,0,0.0
0.5078125,0.5078125,0.0,0.0,0.0,0.0,0.0,0.0,0.0,0.0,0.0,0.0,0.0,0.0,0.0,0.0,0.0,0.0,0.0,74.96378968876392,74.96378968876392,74.96378968876392,0.0,0.0,0.0,2.0028219536427336,99.79531812559694,0.0,0.0,0.0,0.0,0.0,2.0248291105473157,99.79094288863092,0,0.0
0.5078125,0.5078125,0.0,0.0,0.0,0.0,0.0,0.0,0.0,0.0,0.0,0.0,0.0,0.0,0.0,0.0,0.0,0.0,0.0,74.96378968876392,74.96378968876392,74.96378968876392,0.0,0.0,0.0,2.001618534102039,99.79531812559694,0.0,0.0,0.0,0.0,0.0,1.9488101850597723,99.79094288863092,0,0.0
0.5078125,0.5078125,0.0,0.0,0.0,0.0,0.0,0.0,0.0,0.0,0.0,0.0,0.0,0.0,0.0,0.0,0.0,0.0,0.0,74.96378968876392,74.96378968876392,74.9987451161785,0.0,0.0,0.0,1.9980996083496103,99.79531812559694,0.0,0.0,0.0,0.0,0.0,2.0038693851264098,99.7502960246012,0,0.0
0.5078125,0.5078125,0.0,0.0,0.0,0.0,0.0,0.0,0.0,0.0,0.0,0.0,0.0,0.0,0.0,0.0,0.0,0.0,0.0,74.96378968876392,74.96378968876392,74.96378968876392,0.0,0.0,0.0,2.004029664998728,99.79531812559694,0.0,0.0,0.0,0.0,0.0,1.9672454050539647,99.79094288863092,0,0.0
0.5078125,0.5078125,0.0,0.0,0.0,0.0,0.0,0.0,0.0,0.0,0.0,0.0,0.0,0.0,0.0,0.0,0.0,0.0,0.0,74.99658495072269,74.9987451161785,74.96378968876392,0.0,0.0,0.0,2.001618534102039,99.79531812559694,0.0,0.0,0.0,0.0,0.0,1.9628943365333045,99.79094288863092,0,0.0
0.5078125,0.5078125,0.0,0.0,0.0,0.0,0.0,0.0,0.0,0.0,0.0,0.0,0.0,0.0,0.0,0.0,0.0,0.0,0.0,74.96378968876392,74.96378968876392,74.96378968876392,0.0,0.0,0.0,1.9980996083496103,99.79531812559694,0.0,0.0,0.0,0.0,0.0,1.9628943365333045,99.79094288863092,0,0.0
0.5078125,0.5078125,0.0,0.0,0.0,0.0,0.0,0.0,0.0,0.0,0.0,0.0,0.0,0.0,0.0,0.0,0.0,0.0,0.0,74.96378968876392,74.96378968876392,74.96378968876392,0.0,0.0,0.0,1.9980996083496103,99.79531812559694,0.0,0.0,0.0,0.0,0.0,2.04571302942402,99.79094288863092,0,0.0
0.5078125,0.5078125,0.0,0.0,0.0,0.0,0.0,0.0,0.0,0.0,0.0,0.0,0.0,0.0,0.0,0.0,0.0,0.0,0.0,74.96378968876392,74.96378968876392,74.96378968876392,0.0,0.0,0.0,2.0282227488748203,99.79531812559694,0.0,0.0,0.0,0.0,0.0,2.0248291105473157,99.84766564662324,0,0.0
0.5078125,0.5078125,0.0,0.0,0.0,0.0,0.0,0.0,0.0,0.0,0.0,0.0,0.0,0.0,0.0,0.0,0.0,0.0,0.0,74.96378968876392,74.96378968876392,74.96378968876392,0.0,0.0,0.0,2.0028219536427336,99.79531812559694,0.0,0.0,0.0,0.0,0.0,2.0215435547334826,99.84766564662324,0,0.0
0.5078125,0.5078125,0.0,0.0,0.0,0.0,0.0,0.0,0.0,0.0,0.0,0.0,0.0,0.0,0.0,0.0,0.0,0.0,0.0,74.9987451161785,74.96378968876392,74.96378968876392,0.0,0.0,0.0,2.004029664998728,99.79531812559694,0.0,0.0,0.0,0.0,0.0,1.9672454050539647,99.72230967173978,0,0.0
0.5078125,0.5078125,0.0,0.0,0.0,0.0,0.0,0.0,0.0,0.0,0.0,0.0,0.0,0.0,0.0,0.0,0.0,0.0,0.0,74.96378968876392,74.96378968876392,74.96378968876392,0.0,0.0,0.0,2.0028219536427336,99.79531812559694,0.0,0.0,0.0,0.0,0.0,1.979846416429843,99.72230967173978,0,0.0
0.5078125,0.5078125,0.0,0.0,0.0,0.0,0.0,0.0,0.0,0.0,0.0,0.0,0.0,0.0,0.0,0.0,0.0,0.0,0.0,74.96378968876392,74.9987451161785,74.96378968876392,0.0,0.0,0.0,2.004029664998728,99.79531812559694,0.0,0.0,0.0,0.0,0.0,1.9488101850597723,99.72230967173978,0,0.0
0.5078125,0.5078125,0.0,0.0,0.0,0.0,0.0,0.0,0.0,0.0,0.0,0.0,0.0,0.0,0.0,0.0,0.0,0.0,0.0,74.9987451161785,74.96378968876392,74.99658495072269,0.0,0.0,0.0,2.0028219536427336,99.79531812559694,0.0,0.0,0.0,0.0,0.0,2.0248291105473157,99.79094288863092,0,0.0
0.5078125,0.5078125,0.0,0.0,0.0,0.0,0.0,0.0,0.0,0.0,0.0,0.0,0.0,0.0,0.0,0.0,0.0,0.0,0.0,74.96378968876392,74.96378968876392,74.96378968876392,0.0,0.0,0.0,2.0028219536427336,99.79531812559694,0.0,0.0,0.0,0.0,0.0,1.9628943365333045,99.79094288863092,0,0.0
0.5078125,0.5078125,0.0,0.0,0.0,0.0,0.0,0.0,0.0,0.0,0.0,0.0,0.0,0.0,0.0,0.0,0.0,0.0,0.0,74.96378968876392,74.96378968876392,74.96378968876392,0.0,0.0,0.0,2.004029664998728,99.79531812559694,0.0,0.0,0.0,0.0,0.0,2.0215435547334826,99.79094288863092,0,0.0
0.5078125,0.5078125,0.0,0.0,0.0,0.0,0.0,0.0,0.0,0.0,0.0,0.0,0.0,0.0,0.0,0.0,0.0,0.0,0.0,74.96378968876392,74.96378968876392,74.96378968876392,0.0,0.0,0.0,2.0282227488748203,99.79531812559694,0.0,0.0,0.0,0.0,0.0,2.004267999643706,99.63564313038324,0,0.0
0.5078125,0.5078125,0.0,0.0,0.0,0.0,0.0,0.0,0.0,0.0,0.0,0.0,0.0,0.0,0.0,0.0,0.0,0.0,0.0,74.96378968876392,74.96378968876392,74.96378968876392,0.0,0.0,0.0,1.9984792023569604,99.79531812559694,0.0,0.0,0.0,0.0,0.0,2.0215435547334826,99.63564313038324,0,0.0
0.5078125,0.5078125,0.0,0.0,0.0,0.0,0.0,0.0,0.0,0.0,0.0,0.0,0.0,0.0,0.0,0.0,0.0,0.0,0.0,74.99658495072269,74.96378968876392,74.96378968876392,0.0,0.0,0.0,2.0028219536427336,99.79531812559694,0.0,0.0,0.0,0.0,0.0,1.9628943365333045,99.79337445186776,0,0.0
0.5078125,0.5078125,0.0,0.0,0.0,0.0,0.0,0.0,0.0,0.0,0.0,0.0,0.0,0.0,0.0,0.0,0.0,0.0,0.0,75.15587943842856,74.8229344128798,75.15587943842856,0.0,0.0,0.0,2.0237903404875035,99.8383844368184,0.0,0.0,0.0,0.0,0.0,1.987786166779371,99.79337445186776,0,0.0
0.5078125,0.5078125,0.0,0.0,0.0,0.0,0.0,0.0,0.0,0.0,0.0,0.0,0.0,0.0,0.0,0.0,0.0,0.0,0.0,75.15587943842856,75.15587943842856,75.15587943842856,0.0,0.0,0.0,2.0237903404875035,99.8383844368184,0.0,0.0,0.0,0.0,0.0,2.0333179473393583,99.79337445186776,0,0.0
0.5078125,0.5078125,0.0,0.0,0.0,0.0,0.0,0.0,0.0,0.0,0.0,0.0,0.0,0.0,0.0,0.0,0.0,0.0,0.0,75.15587943842856,75.15587943842856,75.15587943842856,0.0,0.0,0.0,2.0036706575223846,99.8383844368184,0.0,0.0,0.0,0.0,0.0,2.0207210387221384,99.79337445186776,0,0.0
0.5078125,0.5078125,0.0,0.0,0.0,0.0,0.0,0.0,0.0,0.0,0.0,0.0,0.0,0.0,0.0,0.0,0.0,0.0,0.0,75.15587943842856,75.15587943842856,74.95924781580207,0.0,0.0,0.0,2.0036706575223846,99.8383844368184,0.0,0.0,0.0,0.0,0.0,2.0333179473393583,99.79337445186776,0,0.0
0.5078125,0.5078125,0.0,0.0,0.0,0.0,0.0,0.0,0.0,0.0,0.0,0.0,0.0,0.0,0.0,0.0,0.0,0.0,0.0,75.15587943842856,75.15587943842856,75.15587943842856,0.0,0.0,0.0,2.0036706575223846,99.8383844368184,0.0,0.0,0.0,0.0,0.0,2.0333179473393583,99.79337445186776,0,0.0
0.5078125,0.5078125,0.0,0.0,0.0,0.0,0.0,0.0,0.0,0.0,0.0,0.0,0.0,0.0,0.0,0.0,0.0,0.0,0.0,75.15587943842856,75.15587943842856,74.8229344128798,0.0,0.0,0.0,2.0237903404875035,99.8383844368184,0.0,0.0,0.0,0.0,0.0,2.0220328976057758,99.79337445186776,0,0.0
0.5078125,0.5078125,0.0,0.0,0.0,0.0,0.0,0.0,0.0,0.0,0.0,0.0,0.0,0.0,0.0,0.0,0.0,0.0,0.0,75.15587943842856,75.15587943842856,75.15587943842856,0.0,0.0,0.0,2.0417413030693985,99.67826185708732,0.0,0.0,0.0,0.0,0.0,2.0018930439550964,99.79337445186776,0,0.0
0.5078125,0.5078125,0.0,0.0,0.0,0.0,0.0,0.0,0.0,0.0,0.0,0.0,0.0,0.0,0.0,0.0,0.0,0.0,0.0,75.15587943842856,74.8229344128798,74.8229344128798,0.0,0.0,0.0,2.0237903404875035,99.8383844368184,0.0,0.0,0.0,0.0,0.0,2.0220328976057758,99.7365020175934,0,0.0
0.5078125,0.5078125,0.0,0.0,0.0,0.0,0.0,0.0,0.0,0.0,0.0,0.0,0.0,0.0,0.0,0.0,0.0,0.0,0.0,74.8229344128798,75.15587943842856,75.15587943842856,0.0,0.0,0.0,2.0036706575223846,99.8383844368184,0.0,0.0,0.0,0.0,0.0,2.0084773696705405,99.7365020175934,0,0.0
0.5078125,0.5078125,0.0,0.0,0.0,0.0,0.0,0.0,0.0,0.0,0.0,0.0,0.0,0.0,0.0,0.0,0.0,0.0,0.0,75.15587943842856,74.8229344128798,75.15587943842856,0.0,0.0,0.0,2.0036706575223846,99.8383844368184,0.0,0.0,0.0,0.0,0.0,2.0333179473393583,99.7365020175934,0,0.0
0.5078125,0.5078125,0.0,0.0,0.0,0.0,0.0,0.0,0.0,0.0,0.0,0.0,0.0,0.0,0.0,0.0,0.0,0.0,0.0,75.15587943842856,75.15587943842856,75.15587943842856,0.0,0.0,0.0,2.0237903404875035,99.8383844368184,0.0,0.0,0.0,0.0,0.0,2.0220328976057758,99.7365020175934,0,0.0
0.5078125,0.5,0.0,0.0,0.0,0.0,0.0,0.0,0.0,0.0,0.0,0.0,0.0,0.0,0.0,0.0,0.0,0.0,0.0,75.15587943842856,75.15587943842856,75.15587943842856,0.0,0.0,0.0,2.0311132835814947,99.67826185708732,0.0,0.0,0.0,0.0,0.0,2.0333179473393583,99.7365020175934,0,0.0
0.5078125,0.5,0.0,0.0,0.0,0.0,0.0,0.0,0.0,0.0,0.0,0.0,0.0,0.0,0.0,0.0,0.0,0.0,0.0,75.15587943842856,75.15587943842856,75.15587943842856,0.0,0.0,0.0,1.9889630409084516,99.95397353494394,0.0,0.0,0.0,0.0,0.0,2.0220328976057758,99.7365020175934,0,0.0
0.5078125,0.5,0.0,0.0,0.0,0.0,0.0,0.0,0.0,0.0,0.0,0.0,0.0,0.0,0.0,0.0,0.0,0.0,0.0,75.15587943842856,75.15587943842856,75.15587943842856,0.0,0.0,0.0,2.0036706575223846,99.95397353494394,0.0,0.0,0.0,0.0,0.0,2.0333179473393583,99.7365020175934,0,0.0
0.5078125,0.5,0.0,0.0,0.0,0.0,0.0,0.0,0.0,0.0,0.0,0.0,0.0,0.0,0.0,0.0,0.0,0.0,0.0,75.15587943842856,75.15587943842856,74.8229344128798,0.0,0.0,0.0,2.0036706575223846,99.95397353494394,0.0,0.0,0.0,0.0,0.0,2.0333179473393583,99.7365020175934,0,0.0
0.5078125,0.5,0.0,0.0,0.0,0.0,0.0,0.0,0.0,0.0,0.0,0.0,0.0,0.0,0.0,0.0,0.0,0.0,0.0,74.8229344128798,75.15587943842856,75.15587943842856,0.0,0.0,0.0,2.0237903404875035,99.95397353494394,0.0,0.0,0.0,0.0,0.0,2.0220328976057758,99.7365020175934,0,0.0
0.5078125,0.5,0.0,0.0,0.0,0.0,0.0,0.0,0.0,0.0,0.0,0.0,0.0,0.0,0.0,0.0,0.0,0.0,0.0,75.15587943842856,75.15587943842856,75.15587943842856,0.0,0.0,0.0,2.0237903404875035,99.8383844368184,0.0,0.0,0.0,0.0,0.0,2.0333179473393583,99.7365020175934,0,0.0
0.5078125,0.5,0.0,0.0,0.0,0.0,0.0,0.0,0.0,0.0,0.0,0.0,0.0,0.0,0.0,0.0,0.0,0.0,0.0,75.15587943842856,75.15587943842856,75.15587943842856,0.0,0.0,0.0,2.0036706575223846,99.8383844368184,0.0,0.0,0.0,0.0,0.0,2.0333179473393583,99.7365020175934,0,0.0
0.5078125,0.5,0.0,0.0,0.0,0.0,0.0,0.0,0.0,0.0,0.0,0.0,0.0,0.0,0.0,0.0,0.0,0.0,0.0,75.15587943842856,74.95924781580207,75.15587943842856,0.0,0.0,0.0,2.0036706575223846,99.8383844368184,0.0,0.0,0.0,0.0,0.0,1.9850209216830423,99.8527568322928,0,0.0
0.5078125,0.5,0.0,0.0,0.0,0.0,0.0,0.0,0.0,0.0,0.0,0.0,0.0,0.0,0.0,0.0,0.0,0.0,0.0,74.95924781580207,75.15587943842856,75.15587943842856,0.0,0.0,0.0,2.0036706575223846,99.8383844368184,0.0,0.0,0.0,0.0,0.0,2.0018930439550964,99.8527568322928,0,0.0
0.5078125,0.5,0.0,0.0,0.0,0.0,0.0,0.0,0.0,0.0,0.0,0.0,0.0,0.0,0.0,0.0,0.0,0.0,0.0,74.89040928092035,74.89040928092035,74.89040928092035,0.0,0.0,0.0,1.9870873276239145,99.77408533373016,0.0,0.0,0.0,0.0,0.0,1.986419343368882,99.8527568322928,0,0.0
0.5078125,0.5,0.0,0.0,0.0,0.0,0.0,0.0,0.0,0.0,0.0,0.0,0.0,0.0,0.0,0.0,0.0,0.0,0.0,74.89040928092035,74.89040928092035,75.02713974871364,0.0,0.0,0.0,1.9856888705317937,99.76970721630248,0.0,0.0,0.0,0.0,0.0,2.0275085821914964,99.8527568322928,0,0.0
0.5078125,0.5,0.0,0.0,0.0,0.0,0.0,0.0,0.0,0.0,0.0,0.0,0.0,0.0,0.0,0.0,0.0,0.0,0.0,74.89040928092035,74.89040928092035,74.89040928092035,0.0,0.0,0.0,1.9974181960371813,99.75054173871094,0.0,0.0,0.0,0.0,0.0,1.986419343368882,99.8527568322928,0,0.0
0.5078125,0.5,0.0,0.0,0.0,0.0,0.0,0.0,0.0,0.0,0.0,0.0,0.0,0.0,0.0,0.0,0.0,0.0,0.0,74.89040928092035,74.89040928092035,75.02462757692498,0.0,0.0,0.0,1.9870873276239145,99.77408533373016,0.0,0.0,0.0,0.0,0.0,1.98993565094422,99.8527568322928,0,0.0
0.5078125,0.5,0.0,0.0,0.0,0.0,0.0,0.0,0.0,0.0,0.0,0.0,0.0,0.0,0.0,0.0,0.0,0.0,0.0,75.02462757692498,74.89040928092035,74.89040928092035,0.0,0.0,0.0,1.9870873276239145,99.77408533373016,0.0,0.0,0.0,0.0,0.0,1.9806790070511289,99.8527568322928,0,0.0
0.5078125,0.5,0.0,0.0,0.0,0.0,0.0,0.0,0.0,0.0,0.0,0.0,0.0,0.0,0.0,0.0,0.0,0.0,0.0,74.89040928092035,74.89040928092035,74.89040928092035,0.0,0.0,0.0,1.9974181960371813,99.75054173871094,0.0,0.0,0.0,0.0,0.0,1.986419343368882,99.8527568322928,0,0.0
0.5078125,0.5,0.0,0.0,0.0,0.0,0.0,0.0,0.0,0.0,0.0,0.0,0.0,0.0,0.0,0.0,0.0,0.0,0.0,74.89040928092035,74.89040928092035,74.89040928092035,0.0,0.0,0.0,1.9870873276239145,99.77408533373016,0.0,0.0,0.0,0.0,0.0,1.98993565094422,99.8527568322928,0,0.0
0.5078125,0.5,0.0,0.0,0.0,0.0,0.0,0.0,0.0,0.0,0.0,0.0,0.0,0.0,0.0,0.0,0.0,0.0,0.0,74.89040928092035,74.89040928092035,74.89040928092035,0.0,0.0,0.0,1.9741891620932173,99.77408533373016,0.0,0.0,0.0,0.0,0.0,1.9806790070511289,99.8527568322928,0,0.0
0.5078125,0.5,0.7734375,0.7578125,0.0,0.0,0.0,0.0,0.0,0.0,0.0,0.0,0.0,0.0,0.0,0.0,0.0,0.0,0.0,75.02713974871364,74.89040928092035,74.89040928092035,0.0,0.0,0.0,1.9870873276239145,99.77408533373016,0.0,0.0,0.0,0.0,0.0,2.0275085821914964,99.8527568322928,0,0.0
0.5078125,0.5,0.7734375,0.7578125,0.7578125,0.7578125,0.0,0.0,0.0,0.0,0.0,0.0,0.0,0.0,0.0,0.0,0.0,0.0,0.0,74.89040928092035,74.89040928092035,74.89040928092035,0.0,0.0,0.0,1.9974181960371813,99.75054173871094,0.0,0.0,0.0,0.0,0.0,1.975897611992028,99.8527568322928,0,0.0
0.5078125,0.5,0.7734375,0.7578125,0.7578125,0.7578125,0.0,0.0,0.0,0.0,0.0,0.0,0.0,0.0,0.0,0.0,0.0,0.0,0.0,74.89040928092035,74.89040928092035,74.89040928092035,0.0,0.0,0.0,1.9956457034480255,99.77408533373016,0.0,0.0,0.0,0.0,0.0,1.986419343368882,99.8527568322928,0,0.0
0.5078125,0.5,0.7734375,0.7578125,0.7578125,0.7578125,0.0,0.0,0.0,0.0,0.0,0.0,0.0,0.0,0.0,0.0,0.0,0.0,0.0,74.89040928092035,74.89040928092035,74.89040928092035,0.0,0.0,0.0,1.9856888705317937,99.76970721630248,0.0,0.0,0.0,0.0,0.0,2.0275085821914964,99.8527568322928,0,0.0
0.5078125,0.5,0.7734375,0.7578125,0.7578125,0.7578125,0.0,0.0,0.0,0.0,0.0,0.0,0.0,0.0,0.0,0.0,0.0,0.0,0.0,74.89040928092035,74.89040928092035,74.89040928092035,0.0,0.0,0.0,1.9870873276239145,99.77408533373016,0.0,0.0,0.0,0.0,0.0,2.0275085821914964,99.8527568322928,0,0.0
0.5078125,0.5,0.7734375,0.7578125,0.7578125,0.7578125,0.0,0.0,0.0,0.0,0.0,0.0,0.0,0.0,0.0,0.0,0.0,0.0,0.0,75.02462757692498,74.89040928092035,74.89040928092035,0.0,0.0,0.0,2.0215977673321324,99.77408533373016,0.0,0.0,0.0,0.0,0.0,1.9844175329055675,99.8527568322928,0,0.0
0.5078125,0.5,0.7734375,0.7578125,0.7578125,0.7578125,0.0,0.0,0.0,0.0,0.0,0.0,0.0,0.0,0.0,0.0,0.0,0.0,0.0,74.89040928092035,74.89040928092035,74.89040928092035,0.0,0.0,0.0,1.9753562732343688,99.77408533373016,0.0,0.0,0.0,0.0,0.0,2.0074858944636333,99.8527568322928,0,0.0
0.5078125,0.5,0.7734375,0.7578125,0.7578125,0.7578125,0.0,0.0,0.0,0.0,0.0,0.0,0.0,0.0,0.0,0.0,0.0,0.0,0.0,74.89040928092035,74.89040928092035,74.89040928092035,0.0,0.0,0.0,1.9974181960371813,99.75054173871094,0.0,0.0,0.0,0.0,0.0,1.975897611992028,99.8527568322928,0,0.0
0.5078125,0.5,0.7734375,0.7578125,0.7578125,0.7578125,0.0,0.0,0.0,0.0,0.0,0.0,0.0,0.0,0.0,0.0,0.0,0.0,0.0,74.89040928092035,74.89040928092035,75.02713974871364,0.0,0.0,0.0,1.9870873276239145,99.77408533373016,0.0,0.0,0.0,0.0,0.0,1.986419343368882,99.8527568322928,0,0.0
0.5078125,0.5,0.7734375,0.7578125,0.7578125,0.7578125,0.0,0.0,0.0,0.0,0.0,0.0,0.0,0.0,0.0,0.0,0.0,0.0,0.0,75.02713974871364,74.89040928092035,74.89040928092035,0.0,0.0,0.0,1.9870873276239145,99.77408533373016,0.0,0.0,0.0,0.0,0.0,1.986419343368882,99.8527568322928,0,0.0
0.5078125,0.5,0.7734375,0.7578125,0.7578125,0.7578125,0.0,0.0,0.0,0.0,0.0,0.0,0.0,0.0,0.0,0.0,0.0,0.0,0.0,74.89040928092035,74.89040928092035,74.89040928092035,0.0,0.0,0.0,1.9974181960371813,99.77408533373016,0.0,0.0,0.0,0.0,0.0,1.9806790070511289,99.8527568322928,0,0.0
0.5078125,0.5,0.7734375,0.7578125,0.7578125,0.7578125,0.0,0.0,0.0,0.0,0.0,0.0,0.0,0.0,0.0,0.0,0.0,0.0,0.0,74.89040928092035,75.02713974871364,74.89040928092035,0.0,0.0,0.0,1.9870873276239145,99.77408533373016,0.0,0.0,0.0,0.0,0.0,1.986419343368882,99.8527568322928,0,0.0
0.5078125,0.5,0.7734375,0.7578125,0.7578125,0.7578125,0.0,0.0,0.0,0.0,0.0,0.0,0.0,0.0,0.0,0.0,0.0,0.0,0.0,75.05489222391346,75.05489222391346,75.0522112189785,0.0,0.0,0.0,1.9937670054428112,99.77408533373016,0.0,0.0,0.0,0.0,0.0,2.0209571672403728,99.8527568322928,0,0.0
0.5078125,0.5,0.7734375,0.7578125,0.7578125,0.7578125,0.0,0.0,0.0,0.0,0.0,0.0,0.0,0.0,0.0,0.0,0.0,0.0,0.0,75.28977959187027,75.05489222391346,75.05489222391346,0.0,0.0,0.0,1.9975231055805736,99.77408533373016,0.0,0.0,0.0,0.0,0.0,1.9839681743503768,99.8527568322928,0,0.0
0.5078125,0.5,0.7734375,0.7578125,0.7578125,0.7578125,0.0,0.0,0.0,0.0,0.0,0.0,0.0,0.0,0.0,0.0,0.0,0.0,0.0,75.05489222391346,75.05489222391346,75.05489222391346,0.0,0.0,0.0,1.9975231055805736,99.77408533373016,0.0,0.0,0.0,0.0,0.0,2.0029131465221512,99.8527568322928,0,0.0
0.5078125,0.5,0.7734375,0.7578125,0.7578125,0.7578125,0.0,0.0,0.0,0.0,0.0,0.0,0.0,0.0,0.0,0.0,0.0,0.0,0.0,75.05489222391346,75.0522112189785,75.28977959187027,0.0,0.0,0.0,1.9975231055805736,99.77408533373016,0.0,0.0,0.0,0.0,0.0,1.9839681743503768,99.8527568322928,0,0.0
0.5078125,0.5,0.7734375,0.7578125,0.7578125,0.7578125,0.0,0.0,0.0,0.0,0.0,0.0,0.0,0.0,0.0,0.0,0.0,0.0,0.0,75.28977959187027,75.05489222391346,75.05489222391346,0.0,0.0,0.0,1.9975231055805736,99.77408533373016,0.0,0.0,0.0,0.0,0.0,1.9839681743503768,99.8527568322928,0,0.0
0.5078125,0.5,0.7734375,0.7578125,0.7578125,0.7578125,0.0,0.0,0.0,0.0,0.0,0.0,0.0,0.0,0.0,0.0,0.0,0.0,0.0,75.05489222391346,75.05489222391346,75.05489222391346,0.0,0.0,0.0,1.9975231055805736,99.77408533373016,0.0,0.0,0.0,0.0,0.0,2.0029131465221512,99.8527568322928,0,0.0
0.5078125,0.5,0.7734375,0.7578125,0.7578125,0.7578125,0.0,0.0,0.0,0.0,0.0,0.0,0.0,0.0,0.0,0.0,0.0,0.0,0.0,75.05489222391346,75.28977959187027,75.0522112189785,0.0,0.0,0.0,2.016212632451837,99.69455519822894,0.0,0.0,0.0,0.0,0.0,2.0051679242397067,99.50491874942902,0,0.0
0.5078125,0.5,0.7734375,0.7578125,0.7578125,0.7578125,0.0,0.0,0.0,0.0,0.0,0.0,0.0,0.0,0.0,0.0,0.0,0.0,0.0,75.05489222391346,75.05489222391346,75.05489222391346,0.0,0.0,0.0,1.9985670360294328,99.69455519822894,0.0,0.0,0.0,0.0,0.0,1.9839681743503768,99.50491874942902,0,0.0
0.5078125,0.5,0.7734375,0.7578125,0.7578125,0.7578125,0.0,0.0,0.0,0.0,0.0,0.0,0.0,0.0,0.0,0.0,0.0,0.0,0.0,75.05489222391346,75.05489222391346,75.05489222391346,0.0,0.0,0.0,1.9975231055805736,99.69455519822894,0.0,0.0,0.0,0.0,0.0,1.9839681743503768,99.851798806355,0,0.0
0.5078125,0.5,0.7734375,0.7578125,0.7578125,0.7578125,0.0,0.0,0.0,0.0,0.0,0.0,0.0,0.0,0.0,0.0,0.0,0.0,0.0,75.05489222391346,75.05489222391346,75.0522112189785,0.0,0.0,0.0,1.9975231055805736,99.69455519822894,0.0,0.0,0.0,0.0,0.0,2.0029131465221512,99.851798806355,0,0.0
0.5078125,0.5,0.7734375,0.7578125,0.7578125,0.7578125,0.0,0.0,0.0,0.0,0.0,0.0,0.0,0.0,0.0,0.0,0.0,0.0,0.0,75.28977959187027,75.05489222391346,75.05489222391346,0.0,0.0,0.0,1.9975231055805736,99.69455519822894,0.0,0.0,0.0,0.0,0.0,1.9839681743503768,99.851798806355,0,0.0
0.515625,0.5078125,0.7734375,0.7578125,0.7578125,0.7578125,0.0,0.0,0.0,0.0,0.0,0.0,0.0,0.0,0.0,0.0,0.0,0.0,0.0,75.05489222391346,75.05489222391346,75.05489222391346,0.0,0.0,0.0,2.016212632451837,99.69455519822894,0.0,0.0,0.0,0.0,0.0,1.9925323680179583,99.851798806355,0,0.0
0.515625,0.5078125,0.7734375,0.7578125,0.7578125,0.7578125,0.0,0.0,0.0,0.0,0.0,0.0,0.0,0.0,0.0,0.0,0.0,0.0,0.0,75.05489222391346,75.05489222391346,75.28977959187027,0.0,0.0,0.0,1.9975231055805736,99.69455519822894,0.0,0.0,0.0,0.0,0.0,1.9946161005947909,99.851798806355,0,0.0
0.515625,0.5078125,0.7734375,0.7578125,0.7578125,0.7578125,0.0,0.0,0.0,0.0,0.0,0.0,0.0,0.0,0.0,0.0,0.0,0.0,0.0,75.05489222391346,75.0522112189785,75.05489222391346,0.0,0.0,0.0,2.013417711983141,99.69455519822894,0.0,0.0,0.0,0.0,0.0,1.989161848221959,99.851798806355,0,0.0
0.515625,0.5078125,0.7734375,0.7578125,0.7578125,0.7578125,0.0,0.0,0.0,0.0,0.0,0.0,0.0,0.0,0.0,0.0,0.0,0.0,0.0,75.0522112189785,75.05489222391346,75.05489222391346,0.0,0.0,0.0,2.016212632451837,99.69455519822894,0.0,0.0,0.0,0.0,0.0,1.9839681743503768,99.851798806355,0,0.0
0.515625,0.5078125,0.7734375,0.7578125,0.7578125,0.7578125,0.0,0.0,0.0,0.0,0.0,0.0,0.0,0.0,0.0,0.0,0.0,0.0,0.0,75.05489222391346,75.05489222391346,75.0522112189785,0.0,0.0,0.0,1.9975231055805736,99.69455519822894,0.0,0.0,0.0,0.0,0.0,1.9946161005947909,99.851798806355,0,0.0
0.515625,0.5078125,0.7734375,0.7578125,0.7578125,0.7578125,0.0,0.0,0.0,0.0,0.0,0.0,0.0,0.0,0.0,0.0,0.0,0.0,0.0,75.05489222391346,75.05489222391346,75.05489222391346,0.0,0.0,0.0,2.016212632451837,99.7093427160961,0.0,0.0,0.0,0.0,0.0,1.9839681743503768,99.851798806355,0,0.0
0.515625,0.5078125,0.7734375,0.7578125,0.7578125,0.7578125,0.0,0.0,0.0,0.0,0.0,0.0,0.0,0.0,0.0,0.0,0.0,0.0,0.0,75.28977959187027,75.05489222391346,75.05489222391346,0.0,0.0,0.0,2.013417711983141,99.7093427160961,0.0,0.0,0.0,0.0,0.0,1.9925323680179583,99.851798806355,0,0.0
0.515625,0.5078125,0.7734375,0.7578125,0.7578125,0.7578125,0.0,0.0,0.0,0.0,0.0,0.0,0.0,0.0,0.0,0.0,0.0,0.0,0.0,75.05489222391346,75.05489222391346,75.0522112189785,0.0,0.0,0.0,1.9975231055805736,99.7093427160961,0.0,0.0,0.0,0.0,0.0,1.9839681743503768,99.851798806355,0,0.0
0.515625,0.5078125,0.7734375,0.7578125,0.7578125,0.7578125,0.0,0.0,0.0,0.0,0.0,0.0,0.0,0.0,0.0,0.0,0.0,0.0,0.0,75.05489222391346,75.05489222391346,75.05489222391346,0.0,0.0,0.0,2.016212632451837,99.7093427160961,0.0,0.0,0.0,0.0,0.0,1.9946161005947909,99.851798806355,0,0.0
0.515625,0.5078125,0.7734375,0.7578125,0.7578125,0.7578125,0.0,0.0,0.0,0.0,0.0,0.0,0.0,0.0,0.0,0.0,0.0,0.0,0.0,74.82776859409404,74.9258124275873,74.82776859409404,0.0,0.0,0.0,2.0186053273759867,99.7093427160961,0.0,0.0,0.0,0.0,0.0,1.9912288152713795,99.851798806355,0,0.0
0.515625,0.5078125,0.7734375,0.7578125,0.7578125,0.7578125,0.0,0.0,0.0,0.0,0.0,0.0,0.0,0.0,0.0,0.0,0.0,0.0,0.0,74.82776859409404,74.82776859409404,74.95596365087097,0.0,0.0,0.0,2.0186053273759867,99.7093427160961,0.0,0.0,0.0,0.0,0.0,1.9744226683677344,99.851798806355,0,0.0
0.515625,0.5078125,0.7734375,0.7578125,0.7578125,0.7578125,0.0,0.0,0.0,0.0,0.0,0.0,0.0,0.0,0.0,0.0,0.0,0.0,0.0,74.82776859409404,74.82776859409404,74.82776859409404,0.0,0.0,0.0,2.0186053273759867,99.7093427160961,0.0,0.0,0.0,0.0,0.0,1.9744226683677344,99.851798806355,0,0.0
0.515625,0.5078125,0.7734375,0.7578125,0.7578125,0.7578125,0.0,0.0,0.0,0.0,0.0,0.0,0.0,0.0,0.0,0.0,0.0,0.0,0.0,74.82776859409404,74.82776859409404,74.82776859409404,0.0,0.0,0.0,2.0186053273759867,99.7093427160961,0.0,0.0,0.0,0.0,0.0,1.9892020226849187,99.851798806355,0,0.0
0.515625,0.5078125,0.7734375,0.7578125,0.7578125,0.7578125,0.0,0.0,0.0,0.0,0.0,0.0,0.0,0.0,0.0,0.0,0.0,0.0,0.0,74.82776859409404,74.95596365087097,74.82776859409404,0.0,0.0,0.0,1.9854292496041557,99.7093427160961,0.0,0.0,0.0,0.0,0.0,2.0197772263217986,99.851798806355,0,0.0
0.515625,0.5078125,0.7734375,0.7578125,0.7578125,0.7578125,0.0,0.0,0.0,0.0,0.0,0.0,0.0,0.0,0.0,0.0,0.0,0.0,0.0,74.82776859409404,74.82776859409404,74.9258124275873,0.0,0.0,0.0,2.0186053273759867,99.7093427160961,0.0,0.0,0.0,0.0,0.0,1.9810441685875992,99.851798806355,0,0.0
0.515625,0.5078125,0.7734375,0.7578125,0.7578125,0.7578125,0.0,0.0,0.0,0.0,0.0,0.0,0.0,0.0,0.0,0.0,0.0,0.0,0.0,74.82776859409404,74.82776859409404,74.82776859409404,0.0,0.0,0.0,2.0186053273759867,99.7093427160961,0.0,0.0,0.0,0.0,0.0,1.9744226683677344,99.851798806355,0,0.0
0.515625,0.5078125,0.7734375,0.7578125,0.7578125,0.7578125,0.0,0.0,0.0,0.0,0.0,0.0,0.0,0.0,0.0,0.0,0.0,0.0,0.0,74.82776859409404,74.82776859409404,74.82776859409404,0.0,0.0,0.0,1.9854292496041557,99.7093427160961,0.0,0.0,0.0,0.0,0.0,1.9744226683677344,99.851798806355,0,0.0
0.515625,0.5078125,0.7734375,0.7578125,0.7578125,0.7578125,0.0,0.0,0.0,0.0,0.0,0.0,0.0,0.0,0.0,0.0,0.0,0.0,0.0,74.82776859409404,74.82776859409404,74.95596365087097,0.0,0.0,0.0,1.9854292496041557,99.7093427160961,0.0,0.0,0.0,0.0,0.0,1.993044412877809,99.851798806355,0,0.0
0.515625,0.5078125,0.7734375,0.7578125,0.7578125,0.7578125,0.0,0.0,0.0,0.0,0.0,0.0,0.0,0.0,0.0,0.0,0.0,0.0,0.0,74.82776859409404,74.9258124275873,74.82776859409404,0.0,0.0,0.0,2.0143984702711686,99.7093427160961,0.0,0.0,0.0,0.0,0.0,1.9744226683677344,99.851798806355,0,0.0
0.515625,0.5078125,0.7734375,0.7578125,0.7578125,0.7578125,0.0,0.0,0.0,0.0,0.0,0.0,0.0,0.0,0.0,0.0,0.0,0.0,0.0,74.82776859409404,74.82776859409404,74.82776859409404,0.0,0.0,0.0,1.9954485815251,99.63148212790202,0.0,0.0,0.0,0.0,0.0,1.9892020226849187,99.851798806355,0,0.0
0.515625,0.5078125,0.7734375,0.7578125,0.7578125,0.7578125,0.0,0.0,0.0,0.0,0.0,0.0,0.0,0.0,0.0,0.0,0.0,0.0,0.0,74.82776859409404,74.82776859409404,74.82776859409404,0.0,0.0,0.0,1.9954485815251,99.63148212790202,0.0,0.0,0.0,0.0,0.0,1.9744226683677344,99.851798806355,0,0.0
0.515625,0.5078125,0.7734375,0.7578125,0.7578125,0.7578125,0.0,0.0,0.0,0.0,0.0,0.0,0.0,0.0,0.0,0.0,0.0,0.0,0.0,74.9258124275873,74.82776859409404,74.9258124275873,0.0,0.0,0.0,1.9954485815251,99.63148212790202,0.0,0.0,0.0,0.0,0.0,1.9892020226849187,99.851798806355,0,0.0
0.515625,0.5078125,0.7734375,0.7578125,0.7578125,0.7578125,0.0,0.0,0.0,0.0,0.0,0.0,0.0,0.0,0.0,0.0,0.0,0.0,0.0,74.82776859409404,74.95596365087097,74.82776859409404,0.0,0.0,0.0,2.0186053273759867,99.63148212790202,0.0,0.0,0.0,0.0,0.0,1.979468260025959,99.851798806355,0,0.0
0.515625,0.5078125,0.7734375,0.7578125,0.7578125,0.7578125,0.0,0.0,0.0,0.0,0.0,0.0,0.0,0.0,0.0,0.0,0.0,0.0,0.0,74.82776859409404,74.82776859409404,74.82776859409404,0.0,0.0,0.0,2.0143984702711686,99.63148212790202,0.0,0.0,0.0,0.0,0.0,1.9744226683677344,99.851798806355,0,0.0
0.515625,0.5078125,0.7734375,0.7578125,0.7578125,0.7578125,0.0,0.0,0.0,0.0,0.0,0.0,0.0,0.0,0.0,0.0,0.0,0.0,0.0,74.82776859409404,74.82776859409404,74.82776859409404,0.0,0.0,0.0,2.0186053273759867,99.63148212790202,0.0,0.0,0.0,0.0,0.0,1.9810441685875992,99.851798806355,0,0.0
0.515625,0.5078125,0.7734375,0.7578125,0.7578125,0.7578125,0.0,0.0,0.0,0.0,0.0,0.0,0.0,0.0,0.0,0.0,0.0,0.0,0.0,74.82776859409404,74.82776859409404,74.82776859409404,0.0,0.0,0.0,1.9971530359449616,99.74724452155174,0.0,0.0,0.0,0.0,0.0,2.0197772263217986,99.851798806355,0,0.0
0.515625,0.5078125,0.7734375,0.7578125,0.7578125,0.7578125,0.0,0.0,0.0,0.0,0.0,0.0,0.0,0.0,0.0,0.0,0.0,0.0,0.0,74.82776859409404,74.82776859409404,74.82776859409404,0.0,0.0,0.0,1.9954485815251,99.74724452155174,0.0,0.0,0.0,0.0,0.0,1.9810441685875992,99.851798806355,0,0.0
0.515625,0.5078125,0.7734375,0.7578125,0.7578125,0.7578125,0.0,0.0,0.0,0.0,0.0,0.0,0.0,0.0,0.0,0.0,0.0,0.0,0.0,74.82776859409404,74.9258124275873,74.82776859409404,0.0,0.0,0.0,1.9854292496041557,99.74724452155174,0.0,0.0,0.0,0.0,0.0,1.9744226683677344,99.851798806355,0,0.0
0.515625,0.5078125,0.7734375,0.7578125,0.7578125,0.7578125,0.0,0.0,0.0,0.0,0.0,0.0,0.0,0.0,0.0,0.0,0.0,0.0,0.0,75.09316583933489,75.09316583933489,75.09316583933489,0.0,0.0,0.0,1.9517233411321824,99.89353859661622,0.0,0.0,0.0,0.0,0.0,2.0037052613248005,99.851798806355,0,0.0
0.515625,0.5078125,0.7734375,0.7578125,0.7578125,0.7578125,0.0,0.0,0.0,0.0,0.0,0.0,0.0,0.0,0.0,0.0,0.0,0.0,0.0,75.09316583933489,75.09316583933489,75.09316583933489,0.0,0.0,0.0,2.007489247797342,99.89353859661622,0.0,0.0,0.0,0.0,0.0,2.0050014379597143,99.851798806355,0,0.0
0.515625,0.5078125,0.7734375,0.7578125,0.7578125,0.7578125,0.0,0.0,0.0,0.0,0.0,0.0,0.0,0.0,0.0,0.0,0.0,0.0,0.0,75.09316583933489,75.09316583933489,75.09316583933489,0.0,0.0,0.0,1.9801966946655931,99.89353859661622,0.0,0.0,0.0,0.0,0.0,1.9916098082932772,99.851798806355,0,0.0
0.515625,0.5078125,0.7734375,0.7578125,0.7578125,0.7578125,0.0,0.0,0.0,0.0,0.0,0.0,0.0,0.0,0.0,0.0,0.0,0.0,0.0,75.09316583933489,74.89989005843738,74.89989005843738,0.0,0.0,0.0,1.9581507185754927,99.89353859661622,0.0,0.0,0.0,0.0,0.0,2.00277068077937,99.82434971552352,0,0.0
0.515625,0.5078125,0.7734375,0.7578125,0.7578125,0.7578125,0.0,0.0,0.0,0.0,0.0,0.0,0.0,0.0,0.0,0.0,0.0,0.0,0.0,74.89989005843738,75.09316583933489,75.09316583933489,0.0,0.0,0.0,2.007489247797342,99.94082560922584,0.0,0.0,0.0,0.0,0.0,2.004204399178778,99.82434971552352,0,0.0
0.515625,0.5078125,0.7734375,0.7578125,0.7578125,0.7578125,0.0,0.0,0.0,0.0,0.0,0.0,0.0,0.0,0.0,0.0,0.0,0.0,0.0,75.09316583933489,75.09316583933489,75.09316583933489,0.0,0.0,0.0,1.9517233411321824,99.89353859661622,0.0,0.0,0.0,0.0,0.0,2.0037052613248005,99.82434971552352,0,0.0
0.515625,0.5078125,0.7734375,0.7578125,0.7578125,0.7578125,0.0,0.0,0.0,0.0,0.0,0.0,0.0,0.0,0.0,0.0,0.0,0.0,0.0,75.09316583933489,75.09316583933489,75.09316583933489,0.0,0.0,0.0,1.9581507185754927,99.89353859661622,0.0,0.0,0.0,0.0,0.0,2.0037052613248005,99.82434971552352,0,0.0
0.515625,0.5078125,0.7734375,0.7578125,0.7578125,0.7578125,0.0,0.0,0.0,0.0,0.0,0.0,0.0,0.0,0.0,0.0,0.0,0.0,0.0,75.09316583933489,74.89989005843738,74.89989005843738,0.0,0.0,0.0,1.9517233411321824,99.89353859661622,0.0,0.0,0.0,0.0,0.0,1.9916098082932772,99.82434971552352,0,0.0
0.515625,0.5078125,0.7734375,0.7578125,0.7578125,0.7578125,0.0,0.0,0.0,0.0,0.0,0.0,0.0,0.0,0.0,0.0,0.0,0.0,0.0,74.89989005843738,75.09316583933489,75.09316583933489,0.0,0.0,0.0,1.9517233411321824,99.89353859661622,0.0,0.0,0.0,0.0,0.0,1.9729930353631575,99.82434971552352,0,0.0
0.515625,0.5078125,0.7734375,0.7578125,0.7578125,0.7578125,0.0,0.0,0.0,0.0,0.0,0.0,0.0,0.0,0.0,0.0,0.0,0.0,0.0,75.09316583933489,75.09316583933489,75.09316583933489,0.0,0.0,0.0,1.9517233411321824,99.89353859661622,0.0,0.0,0.0,0.0,0.0,2.00277068077937,99.82434971552352,0,0.0
0.515625,0.5078125,0.7734375,0.7578125,0.7578125,0.7578125,0.0,0.0,0.0,0.0,0.0,0.0,0.0,0.0,0.0,0.0,0.0,0.0,0.0,75.09316583933489,75.09316583933489,75.09316583933489,0.0,0.0,0.0,1.9517233411321824,99.89353859661622,0.0,0.0,0.0,0.0,0.0,1.9915283472227816,99.82434971552352,0,0.0
0.515625,0.5078125,0.7734375,0.7578125,0.7578125,0.7578125,0.0,0.0,0.0,0.0,0.0,0.0,0.0,0.0,0.0,0.0,0.0,0.0,0.0,75.09316583933489,74.89989005843738,75.09316583933489,0.0,0.0,0.0,2.007489247797342,99.94082560922584,0.0,0.0,0.0,0.0,0.0,1.9806067624936896,99.82434971552352,0,0.0
0.5078125,0.515625,0.7734375,0.7578125,0.7578125,0.7578125,0.0,0.0,0.0,0.0,0.0,0.0,0.0,0.0,0.0,0.0,0.0,0.0,0.0,74.89989005843738,75.09316583933489,75.09316583933489,0.0,0.0,0.0,2.0227473836263856,99.94082560922584,0.0,0.0,0.0,0.0,0.0,1.9916098082932772,99.82434971552352,0,0.0
0.5078125,0.515625,0.7734375,0.7578125,0.7578125,0.7578125,0.0,0.0,0.0,0.0,0.0,0.0,0.0,0.0,0.0,0.0,0.0,0.0,0.0,74.81326345176595,75.09316583933489,75.09316583933489,0.0,0.0,0.0,1.9801966946655931,99.94082560922584,0.0,0.0,0.0,0.0,0.0,2.00277068077937,99.82434971552352,0,0.0
0.5078125,0.515625,0.7734375,0.7578125,0.7578125,0.7578125,0.0,0.0,0.0,0.0,0.0,0.0,0.0,0.0,0.0,0.0,0.0,0.0,0.0,75.09316583933489,75.09316583933489,75.09316583933489,0.0,0.0,0.0,1.9517233411321824,99.89353859661622,0.0,0.0,0.0,0.0,0.0,2.00277068077937,99.82434971552352,0,0.0
0.5078125,0.515625,0.7734375,0.7578125,0.7578125,0.7578125,0.0,0.0,0.0,0.0,0.0,0.0,0.0,0.0,0.0,0.0,0.0,0.0,0.0,75.09316583933489,74.89989005843738,75.09316583933489,0.0,0.0,0.0,2.0227473836263856,99.89353859661622,0.0,0.0,0.0,0.0,0.0,2.00277068077937,99.82434971552352,0,0.0
0.5078125,0.515625,0.7734375,0.7578125,0.7578125,0.7578125,0.0,0.0,0.0,0.0,0.0,0.0,0.0,0.0,0.0,0.0,0.0,0.0,0.0,75.09316583933489,75.09316583933489,75.09316583933489,0.0,0.0,0.0,1.9517233411321824,99.89353859661622,0.0,0.0,0.0,0.0,0.0,2.00277068077937,99.82434971552352,0,0.0
0.5078125,0.515625,0.7734375,0.7578125,0.7578125,0.7578125,0.0,0.0,0.0,0.0,0.0,0.0,0.0,0.0,0.0,0.0,0.0,0.0,0.0,75.09316583933489,75.09316583933489,74.89989005843738,0.0,0.0,0.0,1.9517233411321824,99.89353859661622,0.0,0.0,0.0,0.0,0.0,2.00277068077937,99.82434971552352,0,0.0
0.5078125,0.515625,0.7734375,0.7578125,0.7578125,0.7578125,0.0,0.0,0.0,0.0,0.0,0.0,0.0,0.0,0.0,0.0,0.0,0.0,0.0,75.09316583933489,75.09316583933489,75.09316583933489,0.0,0.0,0.0,2.0227473836263856,99.89353859661622,0.0,0.0,0.0,0.0,0.0,2.00277068077937,99.82434971552352,0,0.0
0.5078125,0.515625,0.7734375,0.7578125,0.7578125,0.7578125,0.0,0.0,0.0,0.0,0.0,0.0,0.0,0.0,0.0,0.0,0.0,0.0,0.0,75.09316583933489,74.89989005843738,75.09316583933489,0.0,0.0,0.0,2.007489247797342,99.8772206257354,0.0,0.0,0.0,0.0,0.0,2.00277068077937,99.82434971552352,0,0.0
0.5078125,0.515625,0.7734375,0.7578125,0.7578125,0.7578125,0.0,0.0,0.0,0.0,0.0,0.0,0.0,0.0,0.0,0.0,0.0,0.0,0.0,75.0335925368587,74.96427795129792,74.96427795129792,0.0,0.0,0.0,2.014721829775808,99.8772206257354,0.0,0.0,0.0,0.0,0.0,2.007788163953274,99.82434971552352,0,0.0
0.5078125,0.515625,0.7734375,0.7578125,0.7578125,0.7578125,0.0,0.0,0.0,0.0,0.0,0.0,0.0,0.0,0.0,0.0,0.0,0.0,0.0,74.96427795129792,74.96427795129792,75.0335925368587,0.0,0.0,0.0,1.9616456731980652,99.58109209208212,0.0,0.0,0.0,0.0,0.0,2.003682086832829,99.82434971552352,0,0.0
0.5078125,0.515625,0.7734375,0.7578125,0.7578125,0.7578125,0.0,0.0,0.0,0.0,0.0,0.0,0.0,0.0,0.0,0.0,0.0,0.0,0.0,74.96427795129792,74.96427795129792,74.96427795129792,0.0,0.0,0.0,2.000422122496167,99.58109209208212,0.0,0.0,0.0,0.0,0.0,2.007788163953274,99.82434971552352,0,0.0
0.5078125,0.515625,0.7734375,0.7578125,0.7578125,0.7578125,0.0,0.0,0.0,0.0,0.0,0.0,0.0,0.0,0.0,0.0,0.0,0.0,0.0,74.96427795129792,75.0335925368587,74.96427795129792,0.0,0.0,0.0,2.014721829775808,99.58109209208212,0.0,0.0,0.0,0.0,0.0,2.007788163953274,99.82434971552352,0,0.0
0.5078125,0.515625,0.7734375,0.7578125,0.7578125,0.7578125,0.0,0.0,0.0,0.0,0.0,0.0,0.0,0.0,0.0,0.0,0.0,0.0,0.0,74.96427795129792,74.96427795129792,75.0335925368587,0.0,0.0,0.0,1.9616456731980652,99.58109209208212,0.0,0.0,0.0,0.0,0.0,2.003682086832829,99.82434971552352,0,0.0
0.5078125,0.515625,0.7734375,0.7578125,0.7578125,0.7578125,0.0,0.0,0.0,0.0,0.0,0.0,0.0,0.0,0.0,0.0,0.0,0.0,0.0,74.96427795129792,74.96427795129792,74.96427795129792,0.0,0.0,0.0,1.9877570590918343,99.58109209208212,0.0,0.0,0.0,0.0,0.0,1.9656760795633927,99.82434971552352,0,0.0
0.5078125,0.515625,0.7734375,0.7578125,0.7578125,0.7578125,0.0,0.0,0.0,0.0,0.0,0.0,0.0,0.0,0.0,0.0,0.0,0.0,0.0,74.96427795129792,75.05396592242077,74.96427795129792,0.0,0.0,0.0,2.000422122496167,99.58109209208212,0.0,0.0,0.0,0.0,0.0,2.003682086832829,99.82434971552352,0,0.0
0.5078125,0.515625,0.7734375,0.7578125,0.7578125,0.7578125,0.0,0.0,0.0,0.0,0.0,0.0,0.0,0.0,0.0,0.0,0.0,0.0,0.0,74.96427795129792,74.96427795129792,75.05396592242077,0.0,0.0,0.0,2.014721829775808,99.58109209208212,0.0,0.0,0.0,0.0,0.0,1.9940443373948369,99.82434971552352,0,0.0
0.5078125,0.515625,0.7734375,0.7578125,0.7578125,0.7578125,0.0,0.0,0.0,0.0,0.0,0.0,0.0,0.0,0.0,0.0,0.0,0.0,0.0,74.96427795129792,74.96427795129792,74.96427795129792,0.0,0.0,0.0,2.014721829775808,99.58109209208212,0.0,0.0,0.0,0.0,0.0,2.007788163953274,99.82434971552352,0,0.0
0.5078125,0.515625,0.7734375,0.7578125,0.7578125,0.7578125,0.0,0.0,0.0,0.0,0.0,0.0,0.0,0.0,0.0,0.0,0.0,0.0,0.0,74.96427795129792,74.96427795129792,74.96427795129792,0.0,0.0,0.0,1.9616456731980652,99.58109209208212,0.0,0.0,0.0,0.0,0.0,2.026422364492654,99.57258608085564,0,0.0
0.5078125,0.515625,0.7734375,0.7578125,0.7578125,0.7578125,0.0,0.0,0.0,0.0,0.0,0.0,0.0,0.0,0.0,0.0,0.0,0.0,0.0,75.0335925368587,74.96427795129792,75.05396592242077,0.0,0.0,0.0,2.000422122496167,99.58109209208212,0.0,0.0,0.0,0.0,0.0,2.007788163953274,99.57258608085564,0,0.0
0.5078125,0.515625,0.7734375,0.7578125,0.7578125,0.7578125,0.0,0.0,0.0,0.0,0.0,0.0,0.0,0.0,0.0,0.0,0.0,0.0,0.0,74.96427795129792,74.96427795129792,74.96427795129792,0.0,0.0,0.0,2.000422122496167,99.58109209208212,0.0,0.0,0.0,0.0,0.0,2.026422364492654,99.57258608085564,0,0.0
0.5078125,0.515625,0.7734375,0.7578125,0.7578125,0.7578125,0.0,0.0,0.0,0.0,0.0,0.0,0.0,0.0,0.0,0.0,0.0,0.0,0.0,74.96427795129792,74.96427795129792,74.96427795129792,0.0,0.0,0.0,2.0006702889912718,99.58109209208212,0.0,0.0,0.0,0.0,0.0,2.003682086832829,99.57258608085564,0,0.0
0.5078125,0.515625,0.7734375,0.7578125,0.7578125,0.7578125,0.0,0.0,0.0,0.0,0.0,0.0,0.0,0.0,0.0,0.0,0.0,0.0,0.0,75.05396592242077,75.0335925368587,74.96427795129792,0.0,0.0,0.0,2.000422122496167,99.58109209208212,0.0,0.0,0.0,0.0,0.0,1.9656760795633927,99.57258608085564,0,0.0
0.5078125,0.515625,0.7734375,0.7578125,0.7578125,0.7578125,0.0,0.0,0.0,0.0,0.0,0.0,0.0,0.0,0.0,0.0,0.0,0.0,0.0,74.96427795129792,74.96427795129792,74.96427795129792,0.0,0.0,0.0,1.9616456731980652,99.58109209208212,0.0,0.0,0.0,0.0,0.0,2.003682086832829,99.57258608085564,0,0.0
0.5078125,0.515625,0.7734375,0.7578125,0.7578125,0.7578125,0.0,0.0,0.0,0.0,0.0,0.0,0.0,0.0,0.0,0.0,0.0,0.0,0.0,74.96427795129792,74.96427795129792,74.96427795129792,0.0,0.0,0.0,1.9578541457524528,99.58109209208212,0.0,0.0,0.0,0.0,0.0,1.9656760795633927,99.57258608085564,0,0.0
0.5078125,0.515625,0.7734375,0.7578125,0.7578125,0.7578125,0.0,0.0,0.0,0.0,0.0,0.0,0.0,0.0,0.0,0.0,0.0,0.0,0.0,75.05396592242077,74.96427795129792,74.96427795129792,0.0,0.0,0.0,2.000422122496167,99.58109209208212,0.0,0.0,0.0,0.0,0.0,2.007788163953274,99.57258608085564,0,0.0
0.5078125,0.515625,0.7734375,0.7578125,0.7578125,0.7578125,0.0,0.0,0.0,0.0,0.0,0.0,0.0,0.0,0.0,0.0,0.0,0.0,0.0,74.96427795129792,74.96427795129792,74.96427795129792,0.0,0.0,0.0,1.9616456731980652,99.58109209208212,0.0,0.0,0.0,0.0,0.0,1.9697859272245333,99.57258608085564,0,0.0
0.5078125,0.515625,0.7734375,0.7578125,0.7578125,0.7578125,0.0,0.0,0.0,0.0,0.0,0.0,0.0,0.0,0.0,0.0,0.0,0.0,0.0,74.96427795129792,74.96427795129792,74.96427795129792,0.0,0.0,0.0,2.014721829775808,99.58109209208212,0.0,0.0,0.0,0.0,0.0,1.9940443373948369,99.57258608085564,0,0.0
0.5078125,0.515625,0.7734375,0.7578125,0.7578125,0.7578125,0.0,0.0,0.0,0.0,0.0,0.0,0.0,0.0,0.0,0.0,0.0,0.0,0.0,75.05396592242077,74.96427795129792,74.96427795129792,0.0,0.0,0.0,2.000422122496167,99.58109209208212,0.0,0.0,0.0,0.0,0.0,2.007788163953274,99.57258608085564,0,0.0
0.5078125,0.515625,0.7734375,0.7578125,0.7578125,0.7578125,0.0,0.0,0.0,0.0,0.0,0.0,0.0,0.0,0.0,0.0,0.0,0.0,0.0,75.06889608905868,75.13786852491249,75.142039418868,0.0,0.0,0.0,2.007283217734531,99.7600686846463,0.0,0.0,0.0,0.0,0.0,2.0255205615784275,99.57258608085564,0,0.0
0.5078125,0.515625,0.7734375,0.7578125,0.7578125,0.7578125,0.0,0.0,0.0,0.0,0.0,0.0,0.0,0.0,0.0,0.0,0.0,0.0,0.0,75.06889608905868,75.06889608905868,75.06889608905868,0.0,0.0,0.0,2.007283217734531,99.7600686846463,0.0,0.0,0.0,0.0,0.0,1.986532176209004,99.7695602047034,0,0.0
0.5078125,0.515625,0.7734375,0.7578125,0.7578125,0.7578125,0.0,0.0,0.0,0.0,0.0,0.0,0.0,0.0,0.0,0.0,0.0,0.0,0.0,75.13786852491249,75.06889608905868,75.06889608905868,0.0,0.0,0.0,1.9782288642821864,99.7600686846463,0.0,0.0,0.0,0.0,0.0,1.9873689465023696,99.7695602047034,0,0.0
0.5078125,0.515625,0.7734375,0.7578125,0.7578125,0.7578125,0.0,0.0,0.0,0.0,0.0,0.0,0.0,0.0,0.0,0.0,0.0,0.0,0.0,75.06889608905868,75.06889608905868,75.06889608905868,1.0386128157503236,1.0444841538103673,-4.0956185099393725,2.036956455863408,99.7600686846463,0.0,2.9423822547368794,0.0,0.0,0.0,1.990190532634767,99.7695602047034,0,0.0
0.5078125,0.515625,0.7734375,0.7578125,0.7578125,0.7578125,0.0,0.0,0.0,0.0,0.0,0.0,0.0,0.0,0.0,0.0,0.0,0.0,0.0,75.06889608905868,75.142039418868,75.06889608905868,0.940237220166675,1.7973542739659203,-8.76951452574957,1.9982399979851215,99.7600686846463,0.0,9.19315111714947,0.0,0.0,0.0,2.006288329781329,99.7695602047034,0,0.0
0.5078125,0.515625,0.7734375,0.7578125,0.7578125,0.7578125,0.0,0.0,0.0,0.0,0.0,0.0,0.0,0.0,0.0,0.0,0.0,0.0,0.0,75.06889608905868,75.06889608905868,75.06889608905868,2.1089798666355946,-0.6992629929913735,-7.983835356020833,2.036956455863408,99.7600686846463,0.0,9.253025481689262,0.0,0.0,0.0,1.990190532634767,99.7695602047034,0,0.0
0.5078125,0.515625,0.7734375,0.7578125,0.7578125,0.7578125,0.0,0.0,0.0,0.0,0.0,0.0,0.0,0.0,0.0,0.0,0.0,0.0,0.0,75.142039418868,75.06889608905868,75.06889608905868,4.324466638177012,-4.974368215037764,-5.028906491795429,2.0005918656413844,99.7600686846463,89.7600686846463,5.906369653655368,0.0,0.0,0.0,2.010192767165317,99.7695602047034,0,0.0
0.5078125,0.515625,0.7734375,0.7578125,0.7578125,0.7578125,0.0,0.0,0.0,0.0,0.0,0.0,0.0,0.0,0.0,0.0,0.0,0.0,0.0,75.06889608905868,75.06889608905868,75.06889608905868,2.903641901252739,-3.6063308553315343,-2.501335778141453,1.9921379378804365,99.7600686846463,89.7600686846463,2.9823458505755545,0.0,0.0,0.0,2.0319155269363587,99.8739851675214,0,0.0
0.5078125,0.515625,0.7734375,0.7578125,0.7578125,0.7578125,0.0,0.0,0.0,0.0,0.0,0.0,0.0,0.0,0.0,0.0,0.0,0.0,0.0,75.06889608905868,75.06889608905868,75.06889608905868,0.0,0.0,0.0,1.9880630366422665,99.61588899086016,89.87595767550647,0.0,0.0,0.0,0.0,2.0319155269363587,99.7143726100581,0,0.0
0.5078125,0.515625,0.7734375,0.7578125,0.7578125,0.7578125,0.0,0.0,0.0,0.0,0.0,0.0,0.0,0.0,0.0,0.0,0.0,0.0,0.0,75.06889608905868,75.06889608905868,75.06889608905868,0.0,0.0,0.0,1.984392129973945,99.61588899086016,89.87595767550647,0.0,0.0,0.0,0.0,2.006288329781329,99.7143726100581,0,0.0
0.5078125,0.515625,0.7734375,0.7578125,0.7578125,0.7578125,0.0,0.0,0.0,0.0,0.0,0.0,0.0,0.0,0.0,0.0,0.0,0.0,0.0,75.142039418868,75.06889608905868,75.06889608905868,-2.336635351708683,2.551273710246005,1.9744202122968944,2.036956455863408,99.61588899086016,89.87595767550647,-2.313690979822661,0.0,0.0,0.0,1.990190532634767,99.7143726100581,0,0.0
0.5078125,0.515625,0.7734375,0.7578125,0.7578125,0.7578125,0.0,0.0,0.0,0.0,0.0,0.0,0.0,0.0,0.0,0.0,0.0,0.0,0.0,75.06889608905868,75.142039418868,75.142039418868,-3.7443767509845305,4.130707639423173,2.803849010592887,1.99165201527986,99.61588899086016,89.87595767550647,-3.156598644067534,0.0,0.0,0.0,1.9991156674831887,99.69699805638368,0,0.0
0.5078125,0.515625,0.7734375,0.7578125,0.7578125,0.7578125,0.0,0.0,0.0,0.0,0.0,0.0,0.0,0.0,0.0,0.0,0.0,0.0,0.0,75.06889608905868,75.06889608905868,75.06889608905868,-0.2746361403151084,0.025486846474454,2.1131689218201077,2.036956455863408,99.61588899086016,89.87595767550647,-2.5108463372350096,0.0,0.0,0.0,1.990190532634767,99.69699805638368,0,0.0
0.5078125,0.5,0.7734375,0.7578125,0.7578125,0.7578125,0.0,0.0,0.0,0.0,0.0,0.0,0.0,0.0,0.0,0.0,0.0,0.0,0.0,75.13786852491249,75.06889608905868,75.06889608905868,1.31818531602816,-2.19503090104636,5.448798838358206,1.9982399979851215,99.61588899086016,89.87595767550647,-6.845804446465578,0.0,0.0,0.0,2.006288329781329,99.69699805638368,0,0.0
0.5078125,0.5,0.7734375,0.7578125,0.7578125,0.7578125,0.0,0.0,0.0,0.0,0.0,0.0,0.0,0.0,0.0,0.0,0.0,0.0,0.0,75.06889608905868,75.06889608905868,75.06889608905868,2.626782660577854,-4.096843000105478,5.158923410831663,2.036956455863408,99.61588899086016,89.87595767550647,-6.705061522666028,0.0,0.0,0.0,2.0128171083885893,99.69699805638368,0,0.0
0.5078125,0.5,0.7734375,0.7578125,0.7578125,0.7578125,0.0,0.0,0.0,0.0,0.0,0.0,0.0,0.0,0.0,0.0,0.0,0.0,0.0,75.06889608905868,75.142039418868,75.06889608905868,3.832938052066909,-5.612981744487881,4.298577165773112,2.0005625273001404,99.61588899086016,89.87595767550647,-5.534427574436788,0.0,0.0,0.0,2.012516220364653,99.69699805638368,0,0.0
0.5078125,0.5,0.7734375,0.7578125,0.7578125,0.7578125,0.0,0.0,0.0,0.0,0.0,0.0,0.0,0.0,0.0,0.0,0.0,0.0,0.0,75.06889608905868,75.06889608905868,75.13786852491249,4.8158460133162135,-6.46475226079683,3.186710922239548,1.984392129973945,99.61588899086016,89.87595767550647,-3.7717561033541287,0.0,0.0,0.0,2.0128171083885893,99.69699805638368,0,0.0
0.5078125,0.5,0.7734375,0.7578125,0.7578125,0.7578125,0.0,0.0,0.0,0.0,0.0,0.0,0.0,0.0,0.0,0.0,0.0,0.0,0.0,75.06889608905868,75.06889608905868,75.06889608905868,3.5701989109258885,-4.510616646952599,1.774366175400103,2.036956455863408,99.61588899086016,89.87595767550647,-1.47719564153701,0.0,0.0,0.0,1.990190532634767,99.69699805638368,0,0.0
0.5078125,0.5,0.7734375,0.7578125,0.7578125,0.7578125,0.0,0.0,0.0,0.0,0.0,0.0,0.0,0.0,0.0,0.0,0.0,0.0,0.0,75.142039418868,75.06889608905868,75.06889608905868,1.0535327633595173,-1.214471914681583,-1.109790798836734,2.036956455863408,99.61588899086016,89.87595767550647,1.6148386193255715,0.0,0.0,0.0,1.990190532634767,99.69699805638368,0,0.0
0.5078125,0.5,0.7734375,0.7578125,0.7578125,0.7578125,0.0,0.0,0.0,0.0,0.0,0.0,0.0,0.0,0.0,0.0,0.0,0.0,0.0,75.06889608905868,75.06889608905868,75.06889608905868,3.262061852427457,-3.5897749487871007,-4.383220535771639,1.9939628587360616,99.61588899086016,89.87595767550647,5.306322717302095,0.0,0.0,0.0,2.006288329781329,99.69699805638368,0,0.0
0.5078125,0.5,0.7734375,0.7578125,0.7578125,0.7578125,0.0,0.0,0.0,0.0,0.0,0.0,0.0,0.0,0.0,0.0,0.0,0.0,0.0,74.9891747355495,74.9891747355495,74.9891747355495,0.793536996052631,-0.930956524854358,-0.8489599605750198,1.969262475572165,99.91316887931572,89.51461483008602,1.3402336828119197,0.0,0.0,0.0,1.960079002168203,99.69699805638368,0,0.0
0.5078125,0.5,0.7734375,0.7578125,0.7578125,0.7578125,0.0,0.0,0.0,0.0,0.0,0.0,0.0,0.0,0.0,0.0,0.0,0.0,0.0,74.9891747355495,74.9891747355495,74.91463411879546,0.0,0.0,0.0,2.0282965365485626,99.91316887931572,0.0,0.0,0.0,0.0,0.0,2.015690900446582,99.69699805638368,0,0.0
0.5078125,0.5,0.7734375,0.7578125,0.7578125,0.7578125,0.0,0.0,0.0,0.0,0.0,0.0,0.0,0.0,0.0,0.0,0.0,0.0,0.0,74.9891747355495,74.9891747355495,74.9891747355495,0.0,0.0,0.0,2.017498293587332,99.91316887931572,0.0,0.0,0.0,0.0,0.0,2.0016486337276835,99.69699805638368,0,0.0
0.5078125,0.5,0.7734375,0.7578125,0.7578125,0.7578125,0.0,0.0,0.0,0.0,0.0,0.0,0.0,0.0,0.0,0.0,0.0,0.0,0.0,74.9891747355495,74.9891747355495,74.94317031818773,-1.5065449721389046,1.633956480472668,1.8784540435424055,2.017498293587332,99.91316887931572,0.0,-2.0539957104522446,0.0,0.0,0.0,1.98755388805403,99.69699805638368,0,0.0
0.5078125,0.5,0.7734375,0.7578125,0.7578125,0.7578125,0.0,0.0,0.0,0.0,0.0,0.0,0.0,0.0,0.0,0.0,0.0,0.0,0.0,74.9891747355495,74.9891747355495,74.9891747355495,-3.1515610394289326,3.3497675148976804,4.4570130499403575,1.973218912928289,99.91316887931572,0.0,-5.017781872092879,0.0,0.0,0.0,1.9702140367354304,99.68325664138108,0,0.0
0.5078125,0.5,0.7734375,0.7578125,0.7578125,0.7578125,0.0,0.0,0.0,0.0,0.0,0.0,0.0,0.0,0.0,0.0,0.0,0.0,0.0,74.9891747355495,74.91463411879546,74.9891747355495,0.0,0.0,0.0,1.986897202241036,99.91316887931572,0.0,0.0,0.0,0.0,0.0,2.004228996140146,99.68325664138108,0,0.0
0.5078125,0.5,0.7734375,0.7578125,0.7578125,0.7578125,0.0,0.0,0.0,0.0,0.0,0.0,0.0,0.0,0.0,0.0,0.0,0.0,0.0,74.9891747355495,74.9891747355495,74.9891747355495,0.0,0.0,0.0,1.9853685624046469,99.91316887931572,0.0,0.0,0.0,0.0,0.0,1.971890460491288,99.68325664138108,0,0.0
0.5078125,0.5,0.7734375,0.7578125,0.7578125,0.7578125,0.0,0.0,0.0,0.0,0.0,0.0,0.0,0.0,0.0,0.0,0.0,0.0,0.0,74.9891747355495,74.9891747355495,74.9891747355495,0.0,0.0,0.0,1.986897202241036,99.91316887931572,0.0,0.0,0.0,0.0,0.0,2.00858151097432,99.68325664138108,0,0.0
0.5078125,0.5,0.7734375,0.7578125,0.7578125,0.7578125,0.0,0.0,0.0,0.0,0.0,0.0,0.0,0.0,0.0,0.0,0.0,0.0,0.0,74.91463411879546,74.91463411879546,74.9891747355495,0.0,0.0,0.0,1.9741944658174009,99.91316887931572,0.0,0.0,0.0,0.0,0.0,1.971890460491288,99.68325664138108,0,0.0
0.5078125,0.5,0.7734375,0.7578125,0.7578125,0.7578125,0.0,0.0,0.0,0.0,0.0,0.0,0.0,0.0,0.0,0.0,0.0,0.0,0.0,74.9891747355495,74.9891747355495,74.9891747355495,0.0,0.0,0.0,1.9741944658174009,99.91316887931572,0.0,0.0,0.0,0.0,0.0,2.004228996140146,99.68325664138108,0,0.0
0.5078125,0.5,0.7734375,0.7578125,0.7578125,0.7578125,0.0,0.0,0.0,0.0,0.0,0.0,0.0,0.0,0.0,0.0,0.0,0.0,0.0,74.9891747355495,74.9891747355495,74.91463411879546,0.0,0.0,0.0,1.986897202241036,99.91316887931572,0.0,0.0,0.0,0.0,0.0,2.004228996140146,99.68325664138108,0,0.0
0.5078125,0.5,0.7734375,0.7578125,0.7578125,0.7578125,0.0,0.0,0.0,0.0,0.0,0.0,0.0,0.0,0.0,0.0,0.0,0.0,0.0,74.91463411879546,74.9891747355495,74.9891747355495,0.0,0.0,0.0,1.9867194014672849,99.91316887931572,0.0,0.0,0.0,0.0,0.0,1.971890460491288,99.68325664138108,0,0.0
0.5078125,0.5,0.7734375,0.7578125,0.7578125,0.7578125,0.0,0.0,0.0,0.0,0.0,0.0,0.0,0.0,0.0,0.0,0.0,0.0,0.0,74.9891747355495,74.9891747355495,74.94317031818773,0.0,0.0,0.0,1.986897202241036,99.91316887931572,0.0,0.0,0.0,0.0,0.0,2.00858151097432,99.68325664138108,0,0.0
0.5078125,0.5,0.7734375,0.7578125,0.7578125,0.7578125,0.0,0.0,0.0,0.0,0.0,0.0,0.0,0.0,0.0,0.0,0.0,0.0,0.0,74.9891747355495,74.9891747355495,74.9891747355495,0.0,0.0,0.0,1.9766008865776763,99.85987110655456,0.0,0.0,0.0,0.0,0.0,1.982061189716112,99.60497539502433,0,0.0
0.5078125,0.5,0.7734375,0.7578125,0.7578125,0.7578125,0.0,0.0,0.0,0.0,0.0,0.0,0.0,0.0,0.0,0.0,0.0,0.0,0.0,74.91463411879546,74.91463411879546,74.9891747355495,0.0,0.0,0.0,1.9853685624046469,99.85987110655456,0.0,0.0,0.0,0.0,0.0,2.004228996140146,99.60497539502433,0,0.0
0.5078125,0.5,0.7734375,0.7578125,0.7578125,0.7578125,0.0,0.0,0.0,0.0,0.0,0.0,0.0,0.0,0.0,0.0,0.0,0.0,0.0,74.9891747355495,74.9891747355495,74.9891747355495,0.0,0.0,0.0,1.9741944658174009,99.85987110655456,0.0,0.0,0.0,0.0,0.0,1.9675864498114115,99.60497539502433,0,0.0
0.5078125,0.5,0.7734375,0.7578125,0.7578125,0.7578125,0.0,0.0,0.0,0.0,0.0,0.0,0.0,0.0,0.0,0.0,0.0,0.0,0.0,74.9891747355495,74.9891747355495,74.9891747355495,0.0,0.0,0.0,1.986897202241036,99.85987110655456,0.0,0.0,0.0,0.0,0.0,2.00858151097432,99.60497539502433,0,0.0
0.5078125,0.5,0.7734375,0.7578125,0.7578125,0.7578125,0.0,0.0,0.0,0.0,0.0,0.0,0.0,0.0,0.0,0.0,0.0,0.0,0.0,74.9891747355495,74.91463411879546,74.9891747355495,0.0,0.0,0.0,1.986897202241036,99.85987110655456,0.0,0.0,0.0,0.0,0.0,1.971890460491288,99.60497539502433,0,0.0
0.5078125,0.5,0.7734375,0.7578125,0.7578125,0.7578125,0.0,0.0,0.0,0.0,0.0,0.0,0.0,0.0,0.0,0.0,0.0,0.0,0.0,74.9891747355495,74.9891747355495,74.9891747355495,0.0,0.0,0.0,1.9766008865776763,99.85987110655456,0.0,0.0,0.0,0.0,0.0,2.01776626535786,99.72058796721184,0,0.0
0.5078125,0.5,0.7734375,0.7578125,0.7578125,0.7578125,0.0,0.0,0.0,0.0,0.0,0.0,0.0,0.0,0.0,0.0,0.0,0.0,0.0,74.9891747355495,74.9891747355495,74.91463411879546,0.0,0.0,0.0,1.986897202241036,99.85987110655456,0.0,0.0,0.0,0.0,0.0,2.00858151097432,99.72058796721184,0,0.0
0.5078125,0.5,0.7734375,0.7578125,0.7578125,0.7578125,0.0,0.0,0.0,0.0,0.0,0.0,0.0,0.0,0.0,0.0,0.0,0.0,0.0,74.96222133748377,74.96222133748377,74.98828324406676,0.0,0.0,0.0,2.004463817070893,99.85987110655456,0.0,0.0,0.0,0.0,0.0,1.9822779749666837,99.72058796721184,0,0.0
0.5078125,0.5,0.7734375,0.7578125,0.7578125,0.7578125,0.0,0.0,0.0,0.0,0.0,0.0,0.0,0.0,0.0,0.0,0.0,0.0,0.0,74.98828324406676,74.98828324406676,74.98828324406676,0.0,0.0,0.0,2.013217357440594,99.85987110655456,0.0,0.0,0.0,0.0,0.0,1.9717555984252508,99.72058796721184,0,0.0
0.5078125,0.5,0.7734375,0.7578125,0.7578125,0.7578125,0.0,0.0,0.0,0.0,0.0,0.0,0.0,0.0,0.0,0.0,0.0,0.0,0.0,74.98828324406676,74.98828324406676,74.98828324406676,0.0,0.0,0.0,2.004463817070893,99.55366892557912,0.0,0.0,0.0,0.0,0.0,1.9822779749666837,99.72058796721184,0,0.0
0.5078125,0.5,0.7734375,0.7578125,0.7578125,0.7578125,0.0,0.0,0.0,0.0,0.0,0.0,0.0,0.0,0.0,0.0,0.0,0.0,0.0,74.98828324406676,74.98828324406676,74.98828324406676,0.0,0.0,0.0,2.014570372593406,99.55366892557912,0.0,0.0,0.0,0.0,0.0,1.9904639679027476,99.72058796721184,0,0.0
0.5078125,0.5,0.7734375,0.7578125,0.7578125,0.7578125,0.0,0.0,0.0,0.0,0.0,0.0,0.0,0.0,0.0,0.0,0.0,0.0,0.0,74.96222133748377,74.90202559181643,74.96222133748377,0.0,0.0,0.0,2.001265546509017,99.55366892557912,0.0,0.0,0.0,0.0,0.0,2.025457497448425,99.68821767446916,0,0.0
0.5078125,0.5,0.7734375,0.7578125,0.7578125,0.7578125,0.0,0.0,0.0,0.0,0.0,0.0,0.0,0.0,0.0,0.0,0.0,0.0,0.0,74.98828324406676,74.98828324406676,74.98828324406676,0.0,0.0,0.0,2.004463817070893,99.55366892557912,0.0,0.0,0.0,0.0,0.0,1.9822779749666837,99.58537637850706,0,0.0
0.5078125,0.5,0.7734375,0.7578125,0.7578125,0.7578125,0.0,0.0,0.0,0.0,0.0,0.0,0.0,0.0,0.0,0.0,0.0,0.0,0.0,74.98828324406676,74.98828324406676,74.98828324406676,0.0,0.0,0.0,2.001265546509017,99.55366892557912,0.0,0.0,0.0,0.0,0.0,2.021925093504639,99.68821767446916,0,0.0
0.5078125,0.5,0.7734375,0.7578125,0.7578125,0.7578125,0.0,0.0,0.0,0.0,0.0,0.0,0.0,0.0,0.0,0.0,0.0,0.0,0.0,74.98828324406676,74.98828324406676,74.98828324406676,0.0,0.0,0.0,2.004463817070893,99.55366892557912,0.0,0.0,0.0,0.0,0.0,2.0025022319355426,99.68821767446916,0,0.0
0.5078125,0.5,0.7734375,0.7578125,0.7578125,0.7578125,0.0,0.0,0.0,0.0,0.0,0.0,0.0,0.0,0.0,0.0,0.0,0.0,0.0,74.96222133748377,74.90202559181643,74.98828324406676,0.0,0.0,0.0,2.014570372593406,99.55366892557912,0.0,0.0,0.0,0.0,0.0,1.9717555984252508,99.68821767446916,0,0.0
0.5078125,0.5,0.7734375,0.7578125,0.7578125,0.7578125,0.0,0.0,0.0,0.0,0.0,0.0,0.0,0.0,0.0,0.0,0.0,0.0,0.0,74.98828324406676,74.98828324406676,74.96222133748377,0.0,0.0,0.0,2.013217357440594,99.55366892557912,0.0,0.0,0.0,0.0,0.0,1.9822779749666837,99.68821767446916,0,0.0
0.5078125,0.5,0.7734375,0.7578125,0.7578125,0.7578125,0.0,0.0,0.0,0.0,0.0,0.0,0.0,0.0,0.0,0.0,0.0,0.0,0.0,74.98828324406676,74.98828324406676,74.98828324406676,0.0,0.0,0.0,2.001317853915653,99.55366892557912,0.0,0.0,0.0,0.0,0.0,1.9822779749666837,99.68821767446916,0,0.0
0.5078125,0.5,0.7734375,0.7578125,0.7578125,0.7578125,0.0,0.0,0.0,0.0,0.0,0.0,0.0,0.0,0.0,0.0,0.0,0.0,0.0,74.98828324406676,74.98828324406676,74.98828324406676,0.0,0.0,0.0,2.001265546509017,99.55366892557912,0.0,0.0,0.0,0.0,0.0,1.9717555984252508,99.68821767446916,0,0.0
0.5078125,0.5,0.7734375,0.7578125,0.7578125,0.7578125,0.0,0.0,0.0,0.0,0.0,0.0,0.0,0.0,0.0,0.0,0.0,0.0,0.0,74.90202559181643,74.98828324406676,74.98828324406676,0.0,0.0,0.0,2.004463817070893,99.72879330639536,0.0,0.0,0.0,0.0,0.0,2.0025022319355426,99.68821767446916,0,0.0
0.4921875,0.5078125,0.7734375,0.7578125,0.7578125,0.7578125,0.0,0.0,0.0,0.0,0.0,0.0,0.0,0.0,0.0,0.0,0.0,0.0,0.0,74.98828324406676,74.98828324406676,74.98828324406676,0.0,0.0,0.0,2.001265546509017,99.55366892557912,0.0,0.0,0.0,0.0,0.0,2.021925093504639,99.68821767446916,0,0.0
0.4921875,0.5078125,0.7734375,0.7578125,0.7578125,0.7578125,0.0,0.0,0.0,0.0,0.0,0.0,0.0,0.0,0.0,0.0,0.0,0.0,0.0,74.98828324406676,74.98828324406676,74.96222133748377,0.0,0.0,0.0,2.001265546509017,99.55366892557912,0.0,0.0,0.0,0.0,0.0,1.9717555984252508,99.68821767446916,0,0.0
0.4921875,0.5078125,0.7734375,0.7578125,0.7578125,0.7578125,0.0,0.0,0.0,0.0,0.0,0.0,0.0,0.0,0.0,0.0,0.0,0.0,0.0,74.98828324406676,74.98828324406676,74.98828324406676,0.0,0.0,0.0,2.004463817070893,99.55366892557912,0.0,0.0,0.0,0.0,0.0,2.0025022319355426,99.68821767446916,0,0.0
0.4921875,0.5078125,0.7734375,0.7578125,0.7578125,0.7578125,0.0,0.0,0.0,0.0,0.0,0.0,0.0,0.0,0.0,0.0,0.0,0.0,0.0,74.98828324406676,74.98828324406676,74.98828324406676,0.0,0.0,0.0,2.004463817070893,99.55366892557912,0.0,0.0,0.0,0.0,0.0,2.021925093504639,99.68821767446916,0,0.0
0.4921875,0.5078125,0.7734375,0.7578125,0.7578125,0.7578125,0.0,0.0,0.0,0.0,0.0,0.0,0.0,0.0,0.0,0.0,0.0,0.0,0.0,74.98828324406676,74.98828324406676,74.98828324406676,0.0,0.0,0.0,2.004463817070893,99.55366892557912,0.0,0.0,0.0,0.0,0.0,2.025457497448425,99.68821767446916,0,0.0
0.4921875,0.5078125,0.7734375,0.7578125,0.7578125,0.7578125,0.0,0.0,0.0,0.0,0.0,0.0,0.0,0.0,0.0,0.0,0.0,0.0,0.0,74.98828324406676,74.98828324406676,74.98828324406676,0.0,0.0,0.0,2.001265546509017,99.55366892557912,0.0,0.0,0.0,0.0,0.0,2.021925093504639,99.68821767446916,0,0.0
0.4921875,0.5078125,0.7734375,0.7578125,0.7578125,0.7578125,0.0,0.0,0.0,0.0,0.0,0.0,0.0,0.0,0.0,0.0,0.0,0.0,0.0,74.98828324406676,74.98828324406676,74.98828324406676,0.0,0.0,0.0,2.001265546509017,99.55366892557912,0.0,0.0,0.0,0.0,0.0,2.021925093504639,99.68821767446916,0,0.0
0.4921875,0.5078125,0.7734375,0.7578125,0.7578125,0.7578125,0.0,0.0,0.0,0.0,0.0,0.0,0.0,0.0,0.0,0.0,0.0,0.0,0.0,75.08828160022088,75.08828160022088,75.08828160022088,0.0,0.0,0.0,2.026684664623567,99.55366892557912,0.0,0.0,0.0,0.0,0.0,1.9891152981549296,99.68821767446916,0,0.0
0.4921875,0.5078125,0.7734375,0.7578125,0.7578125,0.7578125,0.0,0.0,0.0,0.0,0.0,0.0,0.0,0.0,0.0,0.0,0.0,0.0,0.0,75.08828160022088,75.08828160022088,75.08828160022088,0.0,0.0,0.0,2.0572890889380235,99.55366892557912,0.0,0.0,0.0,0.0,0.0,1.9815713932436287,99.68821767446916,0,0.0
0.4921875,0.5078125,0.7734375,0.7578125,0.7578125,0.7578125,0.0,0.0,0.0,0.0,0.0,0.0,0.0,0.0,0.0,0.0,0.0,0.0,0.0,75.08828160022088,75.08828160022088,75.16303439126911,0.0,0.0,0.0,1.9780153122132087,99.55366892557912,0.0,0.0,0.0,0.0,0.0,2.013218368247636,99.68821767446916,0,0.0
0.4921875,0.5078125,0.7734375,0.7578125,0.7578125,0.7578125,0.0,0.0,0.0,0.0,0.0,0.0,0.0,0.0,0.0,0.0,0.0,0.0,0.0,75.08828160022088,75.08828160022088,75.08828160022088,0.0,0.0,0.0,2.000907420475527,99.55366892557912,0.0,0.0,0.0,0.0,0.0,1.9891152981549296,99.68821767446916,0,0.0
0.4921875,0.5078125,0.7734375,0.7578125,0.7578125,0.7578125,0.0,0.0,0.0,0.0,0.0,0.0,0.0,0.0,0.0,0.0,0.0,0.0,0.0,75.08828160022088,75.08828160022088,75.0523294657736,0.0,0.0,0.0,1.971912206246774,99.7399341538877,0.0,0.0,0.0,0.0,0.0,2.0372318565169523,99.68821767446916,0,0.0
0.4921875,0.5078125,0.7734375,0.7578125,0.7578125,0.7578125,0.0,0.0,0.0,0.0,0.0,0.0,0.0,0.0,0.0,0.0,0.0,0.0,0.0,75.08828160022088,75.08828160022088,75.08828160022088,0.0,0.0,0.0,1.971912206246774,99.95399331594744,0.0,0.0,0.0,0.0,0.0,2.013218368247636,99.68821767446916,0,0.0
0.4921875,0.5078125,0.7734375,0.7578125,0.7578125,0.7578125,0.0,0.0,0.0,0.0,0.0,0.0,0.0,0.0,0.0,0.0,0.0,0.0,0.0,75.16303439126911,75.08828160022088,75.08828160022088,0.0,0.0,0.0,2.026684664623567,99.95399331594744,0.0,0.0,0.0,0.0,0.0,1.9619811382139567,99.63832649103747,0,0.0
0.4921875,0.5078125,0.7734375,0.7578125,0.7578125,0.7578125,0.0,0.0,0.0,0.0,0.0,0.0,0.0,0.0,0.0,0.0,0.0,0.0,0.0,75.08828160022088,75.08828160022088,75.08828160022088,0.0,0.0,0.0,1.971912206246774,99.95399331594744,0.0,0.0,0.0,0.0,0.0,2.0372318565169523,99.63832649103747,0,0.0
0.4921875,0.5078125,0.7734375,0.7578125,0.7578125,0.7578125,0.0,0.0,0.0,0.0,0.0,0.0,0.0,0.0,0.0,0.0,0.0,0.0,0.0,75.08828160022088,75.0523294657736,75.08828160022088,0.0,0.0,0.0,2.000907420475527,99.95399331594744,0.0,0.0,0.0,0.0,0.0,1.9815713932436287,99.63832649103747,0,0.0
0.4921875,0.5078125,0.7734375,0.7578125,0.7578125,0.7578125,0.0,0.0,0.0,0.0,0.0,0.0,0.0,0.0,0.0,0.0,0.0,0.0,0.0,75.08828160022088,75.08828160022088,75.08828160022088,0.0,0.0,0.0,2.000907420475527,99.95399331594744,0.0,0.0,0.0,0.0,0.0,1.9815713932436287,99.63832649103747,0,0.0
0.4921875,0.5078125,0.7578125,0.78125,0.7578125,0.7578125,0.0,0.0,0.0,0.0,0.0,0.0,0.0,0.0,0.0,0.0,0.0,0.0,0.0,75.08828160022088,75.08828160022088,75.08828160022088,0.0,0.0,0.0,2.026684664623567,99.95399331594744,0.0,0.0,0.0,0.0,0.0,2.0101117690573784,99.63832649103747,0,0.0
0.4921875,0.5078125,0.7578125,0.78125,0.7734375,0.7890625,0.0,0.0,0.0,0.0,0.0,0.0,0.0,0.0,0.0,0.0,0.0,0.0,0.0,75.08828160022088,75.08828160022088,75.08828160022088,0.0,0.0,0.0,2.000907420475527,99.95399331594744,0.0,0.0,0.0,0.0,0.0,1.9815713932436287,99.63832649103747,0,0.0
0.4921875,0.5078125,0.7578125,0.78125,0.7734375,0.7890625,0.0,0.0,0.0,0.0,0.0,0.0,0.0,0.0,0.0,0.0,0.0,0.0,0.0,75.08828160022088,75.08828160022088,75.08828160022088,0.0,0.0,0.0,1.9853570127645777,99.7399341538877,0.0,0.0,0.0,0.0,0.0,1.9619811382139567,99.63832649103747,0,0.0
0.4921875,0.5078125,0.7578125,0.78125,0.7734375,0.7890625,0.0,0.0,0.0,0.0,0.0,0.0,0.0,0.0,0.0,0.0,0.0,0.0,0.0,75.0523294657736,75.08828160022088,75.08828160022088,0.0,0.0,0.0,2.000907420475527,99.7399341538877,0.0,0.0,0.0,0.0,0.0,1.9891152981549296,99.63832649103747,0,0.0
0.4921875,0.5078125,0.7578125,0.78125,0.7734375,0.7890625,0.0,0.0,0.0,0.0,0.0,0.0,0.0,0.0,0.0,0.0,0.0,0.0,0.0,75.08828160022088,75.16303439126911,75.08828160022088,0.0,0.0,0.0,1.9671815434267923,99.7399341538877,0.0,0.0,0.0,0.0,0.0,2.0221387471503505,99.63832649103747,0,0.0
0.4921875,0.5078125,0.7578125,0.78125,0.7734375,0.7890625,0.0,0.0,0.0,0.0,0.0,0.0,0.0,0.0,0.0,0.0,0.0,0.0,0.0,75.08828160022088,75.08828160022088,75.08828160022088,0.0,0.0,0.0,1.9671815434267923,99.7399341538877,0.0,0.0,0.0,0.0,0.0,2.013218368247636,99.63832649103747,0,0.0
0.4921875,0.5078125,0.7578125,0.78125,0.7734375,0.7890625,0.0,0.0,0.0,0.0,0.0,0.0,0.0,0.0,0.0,0.0,0.0,0.0,0.0,75.08828160022088,75.08828160022088,75.08828160022088,0.0,0.0,0.0,2.000907420475527,99.7399341538877,0.0,0.0,0.0,0.0,0.0,1.9815713932436287,99.63832649103747,0,0.0
0.4921875,0.5078125,0.7578125,0.78125,0.7734375,0.7890625,0.0,0.0,0.0,0.0,0.0,0.0,0.0,0.0,0.0,0.0,0.0,0.0,0.0,75.08828160022088,75.08828160022088,75.16303439126911,0.0,0.0,0.0,2.026684664623567,99.7399341538877,0.0,0.0,0.0,0.0,0.0,2.013218368247636,99.63832649103747,0,0.0
0.4921875,0.5078125,0.7578125,0.78125,0.7734375,0.7890625,0.0,0.0,0.0,0.0,0.0,0.0,0.0,0.0,0.0,0.0,0.0,0.0,0.0,75.08828160022088,75.08828160022088,75.08828160022088,0.0,0.0,0.0,2.0223977231250947,99.7399341538877,0.0,0.0,0.0,0.0,0.0,1.9734314997475628,99.56933408514288,0,0.0
0.4921875,0.5078125,0.7578125,0.78125,0.7734375,0.7890625,0.0,0.0,0.0,0.0,0.0,0.0,0.0,0.0,0.0,0.0,0.0,0.0,0.0,75.08828160022088,75.08828160022088,75.08828160022088,0.0,0.0,0.0,1.9853570127645777,99.7399341538877,0.0,0.0,0.0,0.0,0.0,2.0221387471503505,99.56933408514288,0,0.0
0.4921875,0.5078125,0.7578125,0.78125,0.7734375,0.7890625,0.0,0.0,0.0,0.0,0.0,0.0,0.0,0.0,0.0,0.0,0.0,0.0,0.0,74.91702654425336,74.91702654425336,74.91702654425336,0.0,0.0,0.0,1.9878515809938864,99.7399341538877,0.0,0.0,0.0,0.0,0.0,1.9572179336309408,99.58223647413536,0,0.0
0.4921875,0.5078125,0.7578125,0.78125,0.7734375,0.7890625,0.0,0.0,0.0,0.0,0.0,0.0,0.0,0.0,0.0,0.0,0.0,0.0,0.0,74.91702654425336,75.05405497218723,74.91702654425336,0.0,0.0,0.0,2.016533789974725,99.7399341538877,0.0,0.0,0.0,0.0,0.0,1.991791501255656,99.58223647413536,0,0.0
0.4921875,0.5078125,0.7578125,0.78125,0.7734375,0.7890625,0.0,0.0,0.0,0.0,0.0,0.0,0.0,0.0,0.0,0.0,0.0,0.0,0.0,74.91702654425336,74.91702654425336,74.91702654425336,0.0,0.0,0.0,2.0194174739086974,99.7399341538877,0.0,0.0,0.0,0.0,0.0,1.9741730129087491,99.9300195417402,0,0.0
0.4921875,0.5078125,0.7578125,0.78125,0.7734375,0.7890625,0.0,0.0,0.0,0.0,0.0,0.0,0.0,0.0,0.0,0.0,0.0,0.0,0.0,74.91702654425336,74.91702654425336,74.91702654425336,0.0,0.0,0.0,1.9840882092120704,99.7399341538877,0.0,0.0,0.0,0.0,0.0,1.9741730129087491,99.9300195417402,0,0.0
0.4921875,0.5078125,0.7578125,0.78125,0.7734375,0.7890625,0.0,0.0,0.0,0.0,0.0,0.0,0.0,0.0,0.0,0.0,0.0,0.0,0.0,74.91702654425336,74.91702654425336,75.05405497218723,0.0,0.0,0.0,1.9942615563848736,99.7399341538877,0.0,0.0,0.0,0.0,0.0,1.9819698198015467,99.91881812442436,0,0.0
0.4921875,0.5078125,0.7578125,0.78125,0.7734375,0.7890625,0.0,0.0,0.0,0.0,0.0,0.0,0.0,0.0,0.0,0.0,0.0,0.0,0.0,74.91702654425336,74.91702654425336,74.91702654425336,0.0,0.0,0.0,1.9878515809938864,99.7399341538877,0.0,0.0,0.0,0.0,0.0,1.9651448546099568,99.51498328345691,0,0.0
0.4921875,0.5078125,0.7578125,0.78125,0.7734375,0.7890625,0.0,0.0,0.0,0.0,0.0,0.0,0.0,0.0,0.0,0.0,0.0,0.0,0.0,74.91702654425336,74.91702654425336,74.91702654425336,0.0,0.0,0.0,2.023983421169502,99.7399341538877,0.0,0.0,0.0,0.0,0.0,1.9765558678537367,99.51498328345691,0,0.0
0.4921875,0.5078125,0.7578125,0.78125,0.7734375,0.7890625,0.0,0.0,0.0,0.0,0.0,0.0,0.0,0.0,0.0,0.0,0.0,0.0,0.0,74.91702654425336,74.91702654425336,75.06318106765492,0.0,0.0,0.0,2.0194174739086974,99.7399341538877,0.0,0.0,0.0,0.0,0.0,1.9765558678537367,99.51498328345691,0,0.0
0.4921875,0.5078125,0.7578125,0.78125,0.7734375,0.7890625,0.0,0.0,0.0,0.0,0.0,0.0,0.0,0.0,0.0,0.0,0.0,0.0,0.0,74.91702654425336,75.05405497218723,74.91702654425336,0.0,0.0,0.0,1.9840882092120704,99.7399341538877,0.0,0.0,0.0,0.0,0.0,1.9819698198015467,99.58223647413536,0,0.0
0.4921875,0.5078125,0.7578125,0.78125,0.7734375,0.7890625,0.0,0.0,0.0,0.0,0.0,0.0,0.0,0.0,0.0,0.0,0.0,0.0,0.0,75.05405497218723,74.91702654425336,74.91702654425336,0.0,0.0,0.0,1.9942615563848736,99.7399341538877,0.0,0.0,0.0,0.0,0.0,1.9741730129087491,99.9300195417402,0,0.0
0.4921875,0.5078125,0.7578125,0.78125,0.7734375,0.7890625,0.0,0.0,0.0,0.0,0.0,0.0,0.0,0.0,0.0,0.0,0.0,0.0,0.0,74.91702654425336,74.91702654425336,74.91702654425336,0.0,0.0,0.0,1.9840882092120704,99.7399341538877,0.0,0.0,0.0,0.0,0.0,1.9651448546099568,99.58974030007488,0,0.0
0.4921875,0.5078125,0.7578125,0.78125,0.7734375,0.7890625,0.0,0.0,0.0,0.0,0.0,0.0,0.0,0.0,0.0,0.0,0.0,0.0,0.0,74.91702654425336,74.91702654425336,74.91702654425336,0.0,0.0,0.0,1.9942615563848736,99.7399341538877,0.0,0.0,0.0,0.0,0.0,1.9819698198015467,99.58223647413536,0,0.0
0.4921875,0.5078125,0.7578125,0.78125,0.7734375,0.7890625,0.0,0.0,0.0,0.0,0.0,0.0,0.0,0.0,0.0,0.0,0.0,0.0,0.0,74.91702654425336,74.91702654425336,74.91702654425336,0.0,0.0,0.0,2.023983421169502,99.7399341538877,0.0,0.0,0.0,0.0,0.0,1.9741730129087491,99.9300195417402,0,0.0
0.4921875,0.5,0.7578125,0.78125,0.7734375,0.7890625,0.0,0.0,0.0,0.0,0.0,0.0,0.0,0.0,0.0,0.0,0.0,0.0,0.0,75.05405497218723,74.91702654425336,74.91702654425336,0.0,0.0,0.0,2.0141639019287743,99.7399341538877,0.0,0.0,0.0,0.0,0.0,1.9744166627287876,99.9300195417402,0,0.0
0.4921875,0.5,0.7578125,0.78125,0.7734375,0.7890625,0.0,0.0,0.0,0.0,0.0,0.0,0.0,0.0,0.0,0.0,0.0,0.0,0.0,75.05405497218723,74.91702654425336,75.05405497218723,0.0,0.0,0.0,1.9840882092120704,99.7399341538877,0.0,0.0,0.0,0.0,0.0,1.9819698198015467,99.58223647413536,0,0.0
0.4921875,0.5,0.7578125,0.78125,0.7734375,0.7890625,0.0,0.0,0.0,0.0,0.0,0.0,0.0,0.0,0.0,0.0,0.0,0.0,0.0,74.91702654425336,75.05405497218723,74.91702654425336,0.0,0.0,0.0,1.9942615563848736,99.7399341538877,0.0,0.0,0.0,0.0,0.0,1.9741730129087491,99.9300195417402,0,0.0
0.4921875,0.5,0.7578125,0.78125,0.7734375,0.7890625,0.0,0.0,0.0,0.0,0.0,0.0,0.0,0.0,0.0,0.0,0.0,0.0,0.0,74.91702654425336,74.91702654425336,74.91702654425336,0.0,0.0,0.0,1.9840882092120704,99.7399341538877,0.0,0.0,0.0,0.0,0.0,1.9572179336309408,99.58223647413536,0,0.0
0.4921875,0.5,0.7578125,0.78125,0.7734375,0.7890625,0.0,0.0,0.0,0.0,0.0,0.0,0.0,0.0,0.0,0.0,0.0,0.0,0.0,74.91702654425336,74.91702654425336,75.06318106765492,0.0,0.0,0.0,1.9942615563848736,99.7399341538877,0.0,0.0,0.0,0.0,0.0,1.9765558678537367,99.58223647413536,0,0.0
0.4921875,0.5,0.7578125,0.78125,0.7734375,0.7890625,0.0,0.0,0.0,0.0,0.0,0.0,0.0,0.0,0.0,0.0,0.0,0.0,0.0,75.05405497218723,74.91702654425336,74.91702654425336,0.0,0.0,0.0,2.0186871363353918,99.7399341538877,0.0,0.0,0.0,0.0,0.0,1.9765558678537367,99.58223647413536,0,0.0
0.4921875,0.5,0.7578125,0.78125,0.7734375,0.7890625,0.0,0.0,0.0,0.0,0.0,0.0,0.0,0.0,0.0,0.0,0.0,0.0,0.0,74.91702654425336,74.91702654425336,74.91702654425336,0.0,0.0,0.0,2.0186871363353918,99.7399341538877,0.0,0.0,0.0,0.0,0.0,1.9744166627287876,99.58223647413536,0,0.0
0.4921875,0.5,0.7578125,0.78125,0.7734375,0.7890625,0.0,0.0,0.0,0.0,0.0,0.0,0.0,0.0,0.0,0.0,0.0,0.0,0.0,75.05579319933845,75.05579319933845,75.05579319933845,0.0,0.0,0.0,1.9894158360013667,99.7399341538877,0.0,0.0,0.0,0.0,0.0,1.9837106592336635,99.50995532104233,0,0.0
0.4921875,0.5,0.7578125,0.78125,0.7734375,0.7890625,0.0,0.0,0.0,0.0,0.0,0.0,0.0,0.0,0.0,0.0,0.0,0.0,0.0,75.05579319933845,75.05579319933845,75.05579319933845,0.0,0.0,0.0,2.006864163504072,99.55828843259532,0.0,0.0,0.0,0.0,0.0,1.9962487010661516,99.50995532104233,0,0.0
0.4921875,0.5,0.7578125,0.78125,0.7734375,0.7890625,0.0,0.0,0.0,0.0,0.0,0.0,0.0,0.0,0.0,0.0,0.0,0.0,0.0,75.05579319933845,75.05579319933845,75.05579319933845,0.0,0.0,0.0,1.9945816214939032,99.55828843259532,0.0,0.0,0.0,0.0,0.0,1.9979508597444855,99.78434132296688,0,0.0
0.4921875,0.5,0.7578125,0.78125,0.7734375,0.7890625,0.0,0.0,0.0,0.0,0.0,0.0,0.0,0.0,0.0,0.0,0.0,0.0,0.0,75.05579319933845,75.05579319933845,75.05579319933845,0.0,0.0,0.0,2.013060111689921,99.55828843259532,0.0,0.0,0.0,0.0,0.0,1.9962487010661516,99.78434132296688,0,0.0
0.4921875,0.5,0.7578125,0.78125,0.7734375,0.7890625,0.0,0.0,0.0,0.0,0.0,0.0,0.0,0.0,0.0,0.0,0.0,0.0,0.0,75.05579319933845,75.05579319933845,74.93972526003925,0.0,0.0,0.0,2.013060111689921,99.55828843259532,0.0,0.0,0.0,0.0,0.0,1.9837106592336635,99.50995532104233,0,0.0
0.4921875,0.5,0.7578125,0.78125,0.7734375,0.7890625,0.0,0.0,0.0,0.0,0.0,0.0,0.0,0.0,0.0,0.0,0.0,0.0,0.0,74.93972526003925,75.05579319933845,75.05579319933845,0.0,0.0,0.0,2.013060111689921,99.55828843259532,0.0,0.0,0.0,0.0,0.0,2.0165537410809704,99.51273277161594,0,0.0
0.4921875,0.5,0.7578125,0.78125,0.7734375,0.7890625,0.0,0.0,0.0,0.0,0.0,0.0,0.0,0.0,0.0,0.0,0.0,0.0,0.0,75.05579319933845,75.05579319933845,75.05579319933845,0.0,0.0,0.0,2.006864163504072,99.55828843259532,0.0,0.0,0.0,0.0,0.0,2.0008651758409384,99.57501329378412,0,0.0
0.4921875,0.5,0.7578125,0.78125,0.7734375,0.7890625,0.0,0.0,0.0,0.0,0.0,0.0,0.0,0.0,0.0,0.0,0.0,0.0,0.0,75.05579319933845,75.05579319933845,74.93972526003925,0.0,0.0,0.0,1.9775499438815576,99.55828843259532,0.0,0.0,0.0,0.0,0.0,2.024527582022287,99.51273277161594,0,0.0
0.4921875,0.5,0.7578125,0.78125,0.7734375,0.7890625,0.0,0.0,0.0,0.0,0.0,0.0,0.0,0.0,0.0,0.0,0.0,0.0,0.0,75.05579319933845,75.05579319933845,75.05579319933845,0.0,0.0,0.0,2.006864163504072,99.55828843259532,0.0,0.0,0.0,0.0,0.0,1.9962487010661516,99.61704203512627,0,0.0
0.4921875,0.5,0.7578125,0.78125,0.7734375,0.7890625,0.0,0.0,0.0,0.0,0.0,0.0,0.0,0.0,0.0,0.0,0.0,0.0,0.0,75.05579319933845,75.05579319933845,75.05579319933845,0.0,0.0,0.0,2.013060111689921,99.55828843259532,0.0,0.0,0.0,0.0,0.0,1.9962487010661516,99.61704203512627,0,0.0
0.4921875,0.5,0.7578125,0.78125,0.7734375,0.7890625,0.0,0.0,0.0,0.0,0.0,0.0,0.0,0.0,0.0,0.0,0.0,0.0,0.0,75.05579319933845,75.05579319933845,74.93972526003925,0.0,0.0,0.0,1.9945816214939032,99.55828843259532,0.0,0.0,0.0,0.0,0.0,1.975908808490925,99.61704203512627,0,0.0
0.4921875,0.5,0.7578125,0.78125,0.7734375,0.7890625,0.0,0.0,0.0,0.0,0.0,0.0,0.0,0.0,0.0,0.0,0.0,0.0,0.0,75.05579319933845,75.05579319933845,75.05579319933845,0.0,0.0,0.0,2.013060111689921,99.55828843259532,0.0,0.0,0.0,0.0,0.0,1.9962487010661516,99.61704203512627,0,0.0
0.4921875,0.5,0.7578125,0.78125,0.7734375,0.7890625,0.0,0.0,0.0,0.0,0.0,0.0,0.0,0.0,0.0,0.0,0.0,0.0,0.0,74.93972526003925,75.05579319933845,75.05579319933845,0.0,0.0,0.0,2.006864163504072,99.55828843259532,0.0,0.0,0.0,0.0,0.0,1.9962487010661516,99.61704203512627,0,0.0
0.4921875,0.5,0.7578125,0.78125,0.7734375,0.7890625,0.0,0.0,0.0,0.0,0.0,0.0,0.0,0.0,0.0,0.0,0.0,0.0,0.0,75.05579319933845,75.05579319933845,75.05579319933845,0.0,0.0,0.0,1.9804486996698385,99.55828843259532,0.0,0.0,0.0,0.0,0.0,1.9837106592336635,99.51273277161594,0,0.0
0.4921875,0.5,0.7578125,0.78125,0.7734375,0.7890625,0.0,0.0,0.0,0.0,0.0,0.0,0.0,0.0,0.0,0.0,0.0,0.0,0.0,75.05579319933845,75.05579319933845,75.05579319933845,0.0,0.0,0.0,2.013060111689921,99.55828843259532,0.0,0.0,0.0,0.0,0.0,1.9837106592336635,99.50995532104233,0,0.0
0.4921875,0.5,0.7578125,0.78125,0.7734375,0.7890625,0.0,0.0,0.0,0.0,0.0,0.0,0.0,0.0,0.0,0.0,0.0,0.0,0.0,75.05579319933845,75.05579319933845,75.05579319933845,0.0,0.0,0.0,2.0166588155373844,99.55828843259532,0.0,0.0,0.0,0.0,0.0,2.0008651758409384,99.57501329378412,0,0.0
0.4921875,0.5,0.7578125,0.78125,0.7734375,0.7890625,0.0,0.0,0.0,0.0,0.0,0.0,0.0,0.0,0.0,0.0,0.0,0.0,0.0,75.05579319933845,75.05579319933845,74.93972526003925,0.0,0.0,0.0,1.9945816214939032,99.55828843259532,0.0,0.0,0.0,0.0,0.0,2.024527582022287,99.57501329378412,0,0.0
0.4921875,0.5,0.7578125,0.78125,0.7734375,0.7890625,0.0,0.0,0.0,0.0,0.0,0.0,0.0,0.0,0.0,0.0,0.0,0.0,0.0,75.05579319933845,75.05579319933845,75.05579319933845,0.0,0.0,0.0,2.006864163504072,99.55828843259532,0.0,0.0,0.0,0.0,0.0,2.0008651758409384,99.57501329378412,0,0.0
0.4921875,0.5,0.7578125,0.78125,0.7734375,0.7890625,0.0,0.0,0.0,0.0,0.0,0.0,0.0,0.0,0.0,0.0,0.0,0.0,0.0,75.05579319933845,75.05579319933845,75.05579319933845,0.0,0.0,0.0,1.9945816214939032,99.55828843259532,0.0,0.0,0.0,0.0,0.0,1.975908808490925,99.57501329378412,0,0.0
0.4921875,0.5,0.7578125,0.78125,0.7734375,0.7890625,0.0,0.0,0.0,0.0,0.0,0.0,0.0,0.0,0.0,0.0,0.0,0.0,0.0,74.93972526003925,75.05579319933845,74.96090788905991,0.0,0.0,0.0,1.9945816214939032,99.55828843259532,0.0,0.0,0.0,0.0,0.0,1.9962487010661516,99.57501329378412,0,0.0
0.4921875,0.5,0.7578125,0.78125,0.7734375,0.7890625,0.0,0.0,0.0,0.0,0.0,0.0,0.0,0.0,0.0,0.0,0.0,0.0,0.0,74.8075025740511,74.94738841355164,74.8075025740511,0.0,0.0,0.0,2.0155244181567045,99.55828843259532,0.0,0.0,0.0,0.0,0.0,2.009358471757807,99.57501329378412,0,0.0
0.4921875,0.5,0.7578125,0.78125,0.7734375,0.7890625,0.0,0.0,0.0,0.0,0.0,0.0,0.0,0.0,0.0,0.0,0.0,0.0,0.0,74.8075025740511,74.8075025740511,74.8075025740511,0.0,0.0,0.0,2.0151717625004046,99.55828843259532,0.0,0.0,0.0,0.0,0.0,1.996741745556713,99.8880884925042,0,0.0
0.4921875,0.5,0.7578125,0.78125,0.7734375,0.7890625,0.0,0.0,0.0,0.0,0.0,0.0,0.0,0.0,0.0,0.0,0.0,0.0,0.0,74.96700213358336,74.8075025740511,74.94738841355164,0.0,0.0,0.0,2.0155244181567045,99.85058885083092,0.0,0.0,0.0,0.0,0.0,2.009358471757807,99.8880884925042,0,0.0
0.4921875,0.5,0.7578125,0.78125,0.7734375,0.7890625,0.0,0.0,0.0,0.0,0.0,0.0,0.0,0.0,0.0,0.0,0.0,0.0,0.0,74.8075025740511,74.8075025740511,74.8075025740511,0.0,0.0,0.0,2.0151717625004046,99.81653468337986,0.0,0.0,0.0,0.0,0.0,1.9746385186342503,99.85857057073264,0,0.0
0.4921875,0.5,0.7578125,0.78125,0.7734375,0.7890625,0.0,0.0,0.0,0.0,0.0,0.0,0.0,0.0,0.0,0.0,0.0,0.0,0.0,74.8075025740511,74.8075025740511,74.8075025740511,0.0,0.0,0.0,1.96440996011136,99.81653468337986,0.0,0.0,0.0,0.0,0.0,1.996741745556713,99.85857057073264,0,0.0
0.4921875,0.5,0.7578125,0.78125,0.7734375,0.7890625,0.0,0.0,0.0,0.0,0.0,0.0,0.0,0.0,0.0,0.0,0.0,0.0,0.0,74.8075025740511,74.8075025740511,74.96700213358336,0.0,0.0,0.0,2.0155244181567045,99.85058885083092,0.0,0.0,0.0,0.0,0.0,2.009245809373124,99.85857057073264,0,0.0
0.4921875,0.5,0.7578125,0.78125,0.7734375,0.7890625,0.0,0.0,0.0,0.0,0.0,0.0,0.0,0.0,0.0,0.0,0.0,0.0,0.0,74.8075025740511,74.8075025740511,74.8075025740511,0.0,0.0,0.0,2.030537472300588,99.81653468337986,0.0,0.0,0.0,0.0,0.0,1.996741745556713,99.8880884925042,0,0.0
0.4921875,0.5,0.7578125,0.78125,0.7734375,0.7890625,0.0,0.0,0.0,0.0,0.0,0.0,0.0,0.0,0.0,0.0,0.0,0.0,0.0,74.8075025740511,74.8075025740511,74.8075025740511,0.0,0.0,0.0,1.96440996011136,99.81653468337986,0.0,0.0,0.0,0.0,0.0,2.009358471757807,99.8880884925042,0,0.0
0.4921875,0.5,0.7578125,0.78125,0.7734375,0.7890625,0.0,0.0,0.0,0.0,0.0,0.0,0.0,0.0,0.0,0.0,0.0,0.0,0.0,74.8075025740511,74.8075025740511,74.8075025740511,0.0,0.0,0.0,1.96440996011136,99.81653468337986,0.0,0.0,0.0,0.0,0.0,1.9965512741042468,99.85857057073264,0,0.0
0.4921875,0.5,0.7578125,0.78125,0.7734375,0.7890625,0.0,0.0,0.0,0.0,0.0,0.0,0.0,0.0,0.0,0.0,0.0,0.0,0.0,74.8075025740511,74.8075025740511,74.8075025740511,0.0,0.0,0.0,2.0151717625004046,99.81653468337986,0.0,0.0,0.0,0.0,0.0,1.996741745556713,99.85857057073264,0,0.0
0.4921875,0.5,0.7578125,0.78125,0.7734375,0.7890625,0.0,0.0,0.0,0.0,0.0,0.0,0.0,0.0,0.0,0.0,0.0,0.0,0.0,74.8075025740511,74.8075025740511,74.8075025740511,0.0,0.0,0.0,2.0151717625004046,99.81653468337986,0.0,0.0,0.0,0.0,0.0,1.9746385186342503,99.85857057073264,0,0.0
0.4921875,0.5,0.7578125,0.78125,0.7734375,0.7890625,0.0,0.0,0.0,0.0,0.0,0.0,0.0,0.0,0.0,0.0,0.0,0.0,0.0,74.8075025740511,74.8075025740511,74.8075025740511,0.0,0.0,0.0,1.96440996011136,99.81653468337986,0.0,0.0,0.0,0.0,0.0,2.009358471757807,99.85857057073264,0,0.0
0.4921875,0.5,0.7578125,0.78125,0.7734375,0.7890625,0.0,0.0,0.0,0.0,0.0,0.0,0.0,0.0,0.0,0.0,0.0,0.0,0.0,74.8075025740511,74.8075025740511,74.8075025740511,0.0,0.0,0.0,2.0168975601340486,99.81653468337986,0.0,0.0,0.0,0.0,0.0,1.9841140230309768,99.85857057073264,0,0.0
0.4765625,0.4921875,0.7578125,0.78125,0.7734375,0.7890625,0.0,0.0,0.0,0.0,0.0,0.0,0.0,0.0,0.0,0.0,0.0,0.0,0.0,74.8075025740511,74.8075025740511,74.8075025740511,0.0,0.0,0.0,2.0155244181567045,99.81653468337986,0.0,0.0,0.0,0.0,0.0,2.0072562647232752,99.85857057073264,0,0.0
0.4765625,0.4921875,0.7578125,0.78125,0.7734375,0.7890625,0.0,0.0,0.0,0.0,0.0,0.0,0.0,0.0,0.0,0.0,0.0,0.0,0.0,74.8075025740511,74.8075025740511,74.8075025740511,0.0,0.0,0.0,1.96440996011136,99.81653468337986,0.0,0.0,0.0,0.0,0.0,1.9746385186342503,99.85857057073264,0,0.0
0.4765625,0.4921875,0.7578125,0.78125,0.7734375,0.7890625,0.0,0.0,0.0,0.0,0.0,0.0,0.0,0.0,0.0,0.0,0.0,0.0,0.0,74.8075025740511,74.8075025740511,74.94738841355164,0.0,0.0,0.0,1.96440996011136,99.81653468337986,0.0,0.0,0.0,0.0,0.0,1.9911423215323776,99.85857057073264,0,0.0
0.4765625,0.4921875,0.7578125,0.78125,0.7734375,0.7890625,0.0,0.0,0.0,0.0,0.0,0.0,0.0,0.0,0.0,0.0,0.0,0.0,0.0,74.94738841355164,74.8075025740511,74.8075025740511,0.0,0.0,0.0,1.96440996011136,99.81653468337986,0.0,0.0,0.0,0.0,0.0,2.009358471757807,99.85857057073264,0,0.0
0.4765625,0.4921875,0.7578125,0.78125,0.7734375,0.7890625,0.0,0.0,0.0,0.0,0.0,0.0,0.0,0.0,0.0,0.0,0.0,0.0,0.0,74.8075025740511,74.8075025740511,74.8075025740511,0.0,0.0,0.0,1.96440996011136,99.81653468337986,0.0,0.0,0.0,0.0,0.0,2.009358471757807,99.85857057073264,0,0.0
0.4765625,0.4921875,0.7578125,0.78125,0.7734375,0.7890625,0.0,0.0,0.0,0.0,0.0,0.0,0.0,0.0,0.0,0.0,0.0,0.0,0.0,74.8075025740511,74.8075025740511,74.8075025740511,0.0,0.0,0.0,2.0046425507909693,99.81653468337986,0.0,0.0,0.0,0.0,0.0,1.996741745556713,99.85857057073264,0,0.0
0.4765625,0.4921875,0.7578125,0.78125,0.7734375,0.7890625,0.0,0.0,0.0,0.0,0.0,0.0,0.0,0.0,0.0,0.0,0.0,0.0,0.0,74.94738841355164,74.8075025740511,74.8075025740511,0.0,0.0,0.0,1.96440996011136,99.81653468337986,0.0,0.0,0.0,0.0,0.0,1.9746385186342503,99.85857057073264,0,0.0
0.4765625,0.4921875,0.7578125,0.78125,0.7734375,0.7890625,0.0,0.0,0.0,0.0,0.0,0.0,0.0,0.0,0.0,0.0,0.0,0.0,0.0,75.12315488316513,75.12315488316513,75.12315488316513,0.0,0.0,0.0,1.975476055240444,99.81653468337986,0.0,0.0,0.0,0.0,0.0,1.9712219455914357,99.85857057073264,0,0.0
0.4765625,0.4921875,0.7578125,0.78125,0.7734375,0.7890625,0.0,0.0,0.0,0.0,0.0,0.0,0.0,0.0,0.0,0.0,0.0,0.0,0.0,75.12315488316513,75.12147143786196,75.12147143786196,0.0,0.0,0.0,2.00208837603828,99.76395981252595,0.0,0.0,0.0,0.0,0.0,1.9712219455914357,99.85857057073264,0,0.0
0.4765625,0.4921875,0.7578125,0.78125,0.7734375,0.7890625,0.0,0.0,0.0,0.0,0.0,0.0,0.0,0.0,0.0,0.0,0.0,0.0,0.0,75.12315488316513,75.12315488316513,75.12315488316513,0.0,0.0,0.0,2.00208837603828,99.76395981252595,0.0,0.0,0.0,0.0,0.0,1.996539733564817,99.61539556015836,0,0.0
0.4765625,0.4921875,0.7578125,0.78125,0.7734375,0.7890625,0.0,0.0,0.0,0.0,0.0,0.0,0.0,0.0,0.0,0.0,0.0,0.0,0.0,75.12147143786196,75.12315488316513,75.12315488316513,0.0,0.0,0.0,1.975476055240444,99.76395981252595,0.0,0.0,0.0,0.0,0.0,1.985705041405414,99.61539556015836,0,0.0
0.4765625,0.4921875,0.7578125,0.78125,0.7734375,0.7890625,0.0,0.0,0.0,0.0,0.0,0.0,0.0,0.0,0.0,0.0,0.0,0.0,0.0,75.12315488316513,75.12315488316513,75.12315488316513,0.0,0.0,0.0,1.9495015889937493,99.76395981252595,0.0,0.0,0.0,0.0,0.0,1.996461158142273,99.61539556015836,0,0.0
0.4765625,0.4921875,0.7578125,0.78125,0.7734375,0.7890625,0.0,0.0,0.0,0.0,0.0,0.0,0.0,0.0,0.0,0.0,0.0,0.0,0.0,75.12315488316513,75.12315488316513,75.12315488316513,0.0,0.0,0.0,2.0164008785230574,99.76395981252595,0.0,0.0,0.0,0.0,0.0,2.025922419698316,99.61539556015836,0,0.0
0.4765625,0.4921875,0.7578125,0.78125,0.7734375,0.7890625,0.0,0.0,0.0,0.0,0.0,0.0,0.0,0.0,0.0,0.0,0.0,0.0,0.0,75.12315488316513,75.31336020318057,75.12315488316513,0.0,0.0,0.0,1.975476055240444,99.76395981252595,0.0,0.0,0.0,0.0,0.0,1.9712219455914357,99.61539556015836,0,0.0
0.4765625,0.4921875,0.7578125,0.78125,0.7734375,0.7890625,0.0,0.0,0.0,0.0,0.0,0.0,0.0,0.0,0.0,0.0,0.0,0.0,0.0,75.31336020318057,75.12315488316513,75.12315488316513,0.0,0.0,0.0,1.98180870001272,99.76395981252595,0.0,0.0,0.0,0.0,0.0,1.985705041405414,99.61539556015836,0,0.0
0.4765625,0.4921875,0.7578125,0.78125,0.7734375,0.7890625,0.0,0.0,0.0,0.0,0.0,0.0,0.0,0.0,0.0,0.0,0.0,0.0,0.0,75.12315488316513,75.12315488316513,75.12315488316513,0.0,0.0,0.0,2.00208837603828,99.76395981252595,0.0,0.0,0.0,0.0,0.0,1.996539733564817,99.61539556015836,0,0.0
0.4765625,0.4921875,0.7578125,0.78125,0.7734375,0.7890625,0.0,0.0,0.0,0.0,0.0,0.0,0.0,0.0,0.0,0.0,0.0,0.0,0.0,75.12315488316513,75.12315488316513,75.12315488316513,0.0,0.0,0.0,2.00208837603828,99.76395981252595,0.0,0.0,0.0,0.0,0.0,1.9712219455914357,99.61539556015836,0,0.0
0.4765625,0.4921875,0.7578125,0.78125,0.7734375,0.7890625,0.0,0.0,0.0,0.0,0.0,0.0,0.0,0.0,0.0,0.0,0.0,0.0,0.0,75.12315488316513,75.12315488316513,75.12315488316513,0.0,0.0,0.0,1.975476055240444,99.76395981252595,0.0,0.0,0.0,0.0,0.0,1.9709700156105951,99.61539556015836,0,0.0
0.4765625,0.4921875,0.7578125,0.78125,0.7734375,0.7890625,0.0,0.0,0.0,0.0,0.0,0.0,0.0,0.0,0.0,0.0,0.0,0.0,0.0,75.12315488316513,75.12315488316513,75.12315488316513,0.0,0.0,0.0,1.9495015889937493,99.76395981252595,0.0,0.0,0.0,0.0,0.0,1.9712219455914357,99.61539556015836,0,0.0
0.4765625,0.4921875,0.7578125,0.78125,0.7734375,0.7890625,0.0,0.0,0.0,0.0,0.0,0.0,0.0,0.0,0.0,0.0,0.0,0.0,0.0,75.12147143786196,75.12147143786196,75.12315488316513,0.0,0.0,0.0,1.975476055240444,99.76395981252595,0.0,0.0,0.0,0.0,0.0,1.9712219455914357,99.61539556015836,0,0.0
0.4765625,0.4921875,0.7578125,0.78125,0.7734375,0.7890625,0.0,0.0,0.0,0.0,0.0,0.0,0.0,0.0,0.0,0.0,0.0,0.0,0.0,75.12315488316513,75.12315488316513,75.12315488316513,0.0,0.0,0.0,2.00208837603828,99.76395981252595,0.0,0.0,0.0,0.0,0.0,1.9712219455914357,99.61539556015836,0,0.0
0.4765625,0.4921875,0.7578125,0.78125,0.7734375,0.7890625,0.0,0.0,0.0,0.0,0.0,0.0,0.0,0.0,0.0,0.0,0.0,0.0,0.0,75.12315488316513,75.12315488316513,75.12315488316513,0.0,0.0,0.0,2.00208837603828,99.76395981252595,0.0,0.0,0.0,0.0,0.0,1.9545951333967049,99.61539556015836,0,0.0
0.4765625,0.4921875,0.7578125,0.78125,0.7734375,0.7890625,0.0,0.0,0.0,0.0,0.0,0.0,0.0,0.0,0.0,0.0,0.0,0.0,0.0,75.12315488316513,75.12315488316513,75.12315488316513,0.0,0.0,0.0,1.975476055240444,99.76395981252595,0.0,0.0,0.0,0.0,0.0,2.025922419698316,99.61539556015836,0,0.0
0.4765625,0.4921875,0.7578125,0.78125,0.7734375,0.7890625,0.0,0.0,0.0,0.0,0.0,0.0,0.0,0.0,0.0,0.0,0.0,0.0,0.0,75.12147143786196,75.12315488316513,75.12147143786196,0.0,0.0,0.0,1.9495015889937493,99.76395981252595,0.0,0.0,0.0,0.0,0.0,1.996539733564817,99.61539556015836,0,0.0
0.4765625,0.4921875,0.7578125,0.78125,0.7734375,0.7890625,0.0,0.0,0.0,0.0,0.0,0.0,0.0,0.0,0.0,0.0,0.0,0.0,0.0,75.12315488316513,75.12147143786196,75.12315488316513,0.0,0.0,0.0,1.975476055240444,99.76395981252595,0.0,0.0,0.0,0.0,0.0,1.9545951333967049,99.61539556015836,0,0.0
0.4765625,0.4921875,0.7578125,0.78125,0.7734375,0.7890625,0.0,0.0,0.0,0.0,0.0,0.0,0.0,0.0,0.0,0.0,0.0,0.0,0.0,75.12315488316513,75.12315488316513,75.12315488316513,0.0,0.0,0.0,1.975476055240444,99.76395981252595,0.0,0.0,0.0,0.0,0.0,1.9712219455914357,99.61539556015836,0,0.0
0.4765625,0.4921875,0.7578125,0.78125,0.7734375,0.7890625,0.0,0.0,0.0,0.0,0.0,0.0,0.0,0.0,0.0,0.0,0.0,0.0,0.0,75.12315488316513,75.12315488316513,75.12315488316513,0.0,0.0,0.0,1.98180870001272,99.76395981252595,0.0,0.0,0.0,0.0,0.0,1.996539733564817,99.61539556015836,0,0.0
0.4765625,0.4921875,0.7578125,0.78125,0.7734375,0.7890625,0.0,0.0,0.0,0.0,0.0,0.0,0.0,0.0,0.0,0.0,0.0,0.0,0.0,74.93593756046418,74.93593756046418,74.93593756046418,0.0,0.0,0.0,2.009748503629912,99.80096938089255,0.0,0.0,0.0,0.0,0.0,1.9823476774498912,99.61539556015836,0,0.0
0.4765625,0.4921875,0.7578125,0.78125,0.7734375,0.7890625,0.0,0.0,0.0,0.0,0.0,0.0,0.0,0.0,0.0,0.0,0.0,0.0,0.0,74.93593756046418,74.93593756046418,74.93593756046418,0.0,0.0,0.0,2.0069519886963945,99.80096938089255,0.0,0.0,0.0,0.0,0.0,1.9823476774498912,99.93076168877592,0,0.0
0.4765625,0.4921875,0.7578125,0.78125,0.7734375,0.7890625,0.0,0.0,0.0,0.0,0.0,0.0,0.0,0.0,0.0,0.0,0.0,0.0,0.0,74.93593756046418,74.93593756046418,74.93593756046418,0.0,0.0,0.0,1.9977926301546207,99.80096938089255,0.0,0.0,0.0,0.0,0.0,1.9860225830251788,99.6398740334318,0,0.0
0.4765625,0.4921875,0.7578125,0.78125,0.7734375,0.7890625,0.0,0.0,0.0,0.0,0.0,0.0,0.0,0.0,0.0,0.0,0.0,0.0,0.0,74.93593756046418,74.93593756046418,74.93593756046418,-2.0294290910733213,2.485150636077611,-0.1761483106852462,1.977602948316849,99.80096938089255,0.0,-0.5729381258778738,0.0,0.0,0.0,2.0058506900245328,99.6398740334318,0,0.0
0.4765625,0.4921875,0.7578125,0.78125,0.7734375,0.7890625,0.0,0.0,0.0,0.0,0.0,0.0,0.0,0.0,0.0,0.0,0.0,0.0,0.0,74.93593756046418,74.93593756046418,74.93593756046418,-4.835579050920789,6.265574049273649,-2.776744073274242,1.977972857069061,99.80096938089255,0.0,2.599811858136255,0.0,0.0,0.0,1.992110466488893,99.6398740334318,0,0.0
0.4765625,0.4921875,0.7578125,0.78125,0.7734375,0.7890625,0.0,0.0,0.0,0.0,0.0,0.0,0.0,0.0,0.0,0.0,0.0,0.0,0.0,74.93593756046418,74.93593756046418,75.00783740937,-4.201810815432352,6.161502665192041,-4.019339669494239,2.010589555430988,99.6086956955941,0.0,4.611621626702767,0.0,0.0,0.0,1.9999753283840012,99.95990359761744,0,0.0
0.4765625,0.4921875,0.7578125,0.78125,0.7734375,0.7890625,0.0,0.0,0.0,0.0,0.0,0.0,0.0,0.0,0.0,0.0,0.0,0.0,0.0,74.93593756046418,74.93593756046418,74.93593756046418,-3.014302835216198,5.010158539840406,-4.964586482144359,1.977602948316849,99.6086956955941,0.0,6.210639920139436,0.0,0.0,0.0,2.0058506900245328,99.95990359761744,0,0.0
0.4765625,0.4921875,0.7578125,0.78125,0.7734375,0.7890625,0.0,0.0,0.0,0.0,0.0,0.0,0.0,0.0,0.0,0.0,0.0,0.0,0.0,74.93593756046418,74.93593756046418,74.93593756046418,-1.7496373639335288,3.2895136141132286,-5.5860075163652585,1.977972857069061,99.6086956955941,0.0,7.1189249616072505,0.0,0.0,0.0,1.992110466488893,99.95990359761744,0,0.0
0.4765625,0.4921875,0.7578125,0.78125,0.7734375,0.7890625,0.0,0.0,0.0,0.0,0.0,0.0,0.0,0.0,0.0,0.0,0.0,0.0,0.0,74.93593756046418,74.93593756046418,74.93593756046418,-0.3444782843694765,1.0538646917425103,-4.178355281995047,1.977972857069061,99.6086956955941,0.0,5.192066817065262,0.0,0.0,0.0,1.989034498772779,99.95990359761744,0,0.0
0.4765625,0.4921875,0.7578125,0.78125,0.7734375,0.7890625,0.0,0.0,0.0,0.0,0.0,0.0,0.0,0.0,0.0,0.0,0.0,0.0,0.0,74.93593756046418,74.93593756046418,74.93593756046418,1.9851926168613128,-2.624980358786446,-1.7694352956581718,2.0141325351716786,99.5434553011868,89.6086956955941,2.095978729081281,0.0,0.0,0.0,2.0067006251630968,99.95990359761744,0,0.0
0.4765625,0.4921875,0.7578125,0.78125,0.7734375,0.7890625,0.0,0.0,0.0,0.0,0.0,0.0,0.0,0.0,0.0,0.0,0.0,0.0,0.0,74.93593756046418,74.93593756046418,74.93593756046418,3.4933075247364185,-4.5939486355050585,-2.9815051109191497,1.9546272557290136,99.5434553011868,89.6086956955941,3.550305428458013,0.0,0.0,0.0,1.999590433856158,99.95990359761744,0,0.0
0.4765625,0.4921875,0.7578125,0.78125,0.7734375,0.7890625,0.0,0.0,0.0,0.0,0.0,0.0,0.0,0.0,0.0,0.0,0.0,0.0,0.0,74.93593756046418,74.93593756046418,74.93593756046418,0.0,0.0,0.0,1.9546272557290136,99.67233953858468,89.97330891947725,0.0,0.0,0.0,0.0,2.007124948410307,99.84195595463711,0,0.0
0.4765625,0.4921875,0.7578125,0.78125,0.7734375,0.7890625,0.0,0.0,0.0,0.0,0.0,0.0,0.0,0.0,0.0,0.0,0.0,0.0,0.0,74.93593756046418,74.93593756046418,74.93593756046418,0.0,0.0,0.0,1.977602948316849,99.67233953858468,89.97330891947725,0.0,0.0,0.0,0.0,1.995834823339438,99.68722307554395,0,0.0
0.4921875,0.5078125,0.7578125,0.78125,0.7734375,0.7890625,0.0,0.0,0.0,0.0,0.0,0.0,0.0,0.0,0.0,0.0,0.0,0.0,0.0,74.93593756046418,74.93593756046418,74.93593756046418,-1.4273922177694454,1.3894191780712166,1.181318702002328,1.977972857069061,99.62541188755408,89.97330891947725,-1.355686776526051,0.0,0.0,0.0,1.989034498772779,99.92915517662746,0,0.0
0.4921875,0.5078125,0.7578125,0.78125,0.7734375,0.7890625,0.0,0.0,0.0,0.0,0.0,0.0,0.0,0.0,0.0,0.0,0.0,0.0,0.0,74.93593756046418,74.93593756046418,75.00485484987357,-4.180825135419512,4.608163737980432,3.199468490261091,2.005738837808446,99.62541188755408,89.97330891947725,-3.5923973583031694,0.0,0.0,0.0,1.9942915225801332,99.92915517662746,0,0.0
0.4921875,0.5078125,0.7578125,0.78125,0.7734375,0.7890625,0.0,0.0,0.0,0.0,0.0,0.0,0.0,0.0,0.0,0.0,0.0,0.0,0.0,74.93593756046418,74.93593756046418,74.93593756046418,-0.5126782013272488,0.3137025207608289,2.2939571725376453,1.977602948316849,99.62541188755408,89.97330891947725,-2.681124412296645,0.0,0.0,0.0,1.992110466488893,99.68722307554395,0,0.0
0.4921875,0.5078125,0.7578125,0.78125,0.7734375,0.7890625,0.0,0.0,0.0,0.0,0.0,0.0,0.0,0.0,0.0,0.0,0.0,0.0,0.0,75.00783740937,74.93593756046418,75.00485484987357,1.3035695060556851,-2.178783871066675,5.500372181994691,2.010589555430988,99.6086956955941,89.97330891947725,-6.782059030761303,0.0,0.0,0.0,2.009399874805589,99.68722307554395,0,0.0
0.4921875,0.5078125,0.7578125,0.78125,0.7734375,0.7890625,0.0,0.0,0.0,0.0,0.0,0.0,0.0,0.0,0.0,0.0,0.0,0.0,0.0,74.93593756046418,75.00485484987357,74.93593756046418,2.6273198925691914,-4.046987182049397,5.21785890849789,2.0141325351716786,99.5434553011868,89.97330891947725,-6.622714388422265,0.0,0.0,0.0,2.009399874805589,99.68722307554395,0,0.0
0.4921875,0.5078125,0.7578125,0.78125,0.7734375,0.7890625,0.0,0.0,0.0,0.0,0.0,0.0,0.0,0.0,0.0,0.0,0.0,0.0,0.0,74.93593756046418,74.93593756046418,74.93593756046418,3.853105810704327,-5.534658590568043,4.3539400405597615,1.977972857069061,99.5434553011868,89.97330891947725,-5.465162165167533,0.0,0.0,0.0,2.0067006251630968,99.68722307554395,0,0.0
0.4921875,0.5078125,0.7578125,0.78125,0.7734375,0.7890625,0.0,0.0,0.0,0.0,0.0,0.0,0.0,0.0,0.0,0.0,0.0,0.0,0.0,74.93593756046418,74.93593756046418,74.93593756046418,4.8529732142571165,-6.383659568911777,3.2287276700973617,1.977602948316849,99.5434553011868,89.97330891947725,-3.73684449971587,0.0,0.0,0.0,2.0058506900245328,99.68722307554395,0,0.0
0.4921875,0.5078125,0.7578125,0.78125,0.7734375,0.7890625,0.0,0.0,0.0,0.0,0.0,0.0,0.0,0.0,0.0,0.0,0.0,0.0,0.0,75.16778292017712,74.79570572183913,75.16778292017712,3.604616208524084,-4.474265689389926,1.801018408271999,2.0271506030645083,99.5434553011868,89.97330891947725,-1.4705603139505623,0.0,0.0,0.0,2.01794239618678,99.73292836651234,0,0.0
0.4921875,0.5078125,0.7578125,0.78125,0.7734375,0.7890625,0.0,0.0,0.0,0.0,0.0,0.0,0.0,0.0,0.0,0.0,0.0,0.0,0.0,75.16778292017712,75.16778292017712,75.16778292017712,1.058557411685885,-1.20196112811828,-1.1128024579453868,2.0271506030645083,99.5434553011868,89.97330891947725,1.5832668418910616,0.0,0.0,0.0,2.024398953319508,99.73292836651234,0,0.0
0.4921875,0.5078125,0.7578125,0.78125,0.7734375,0.7890625,0.0,0.0,0.0,0.0,0.0,0.0,0.0,0.0,0.0,0.0,0.0,0.0,0.0,74.7839258898849,75.16778292017712,75.16778292017712,3.285057608997012,-3.5652357725402632,-4.430690452022675,1.998422860855137,99.5434553011868,89.97330891947725,5.248437475865008,0.0,0.0,0.0,2.0101602932277007,99.80417570279378,0,0.0
0.4921875,0.5078125,0.7578125,0.78125,0.7734375,0.7890625,0.0,0.0,0.0,0.0,0.0,0.0,0.0,0.0,0.0,0.0,0.0,0.0,0.0,75.16778292017712,74.79570572183913,75.16778292017712,0.8102598013751294,-0.9386519305036334,-0.8687934755070148,2.022007519553662,99.5434553011868,89.97330891947725,1.340883582201432,0.0,0.0,0.0,1.9846814939780664,99.73580042892218,0,0.0
0.4921875,0.5078125,0.7578125,0.78125,0.7734375,0.7890625,0.0,0.0,0.0,0.0,0.0,0.0,0.0,0.0,0.0,0.0,0.0,0.0,0.0,75.16778292017712,75.16778292017712,75.16778292017712,0.0,0.0,0.0,1.9928692364335063,99.64491100817418,0.0,0.0,0.0,0.0,0.0,2.0130062651906955,99.73580042892218,0,0.0
0.4921875,0.5078125,0.7578125,0.78125,0.7734375,0.7890625,0.0,0.0,0.0,0.0,0.0,0.0,0.0,0.0,0.0,0.0,0.0,0.0,0.0,74.79570572183913,75.16778292017712,75.16778292017712,0.0,0.0,0.0,1.993946831622034,99.58082928114524,0.0,0.0,0.0,0.0,0.0,2.024398953319508,99.73292836651234,0,0.0
0.4921875,0.5078125,0.7578125,0.78125,0.7734375,0.7890625,0.0,0.0,0.0,0.0,0.0,0.0,0.0,0.0,0.0,0.0,0.0,0.0,0.0,75.16778292017712,74.79570572183913,75.16778292017712,-1.5138101734256233,1.6216964672996068,1.893389855886021,2.0012550123660158,99.58082928114524,0.0,-2.0333870522980373,0.0,0.0,0.0,2.0101602932277007,99.74622552203704,0,0.0
0.4921875,0.5078125,0.7578125,0.78125,0.7734375,0.7890625,0.0,0.0,0.0,0.0,0.0,0.0,0.0,0.0,0.0,0.0,0.0,0.0,0.0,75.16778292017712,75.16778292017712,74.79570572183913,-3.172491411682937,3.3237892884508344,4.503488259501725,2.020506000320145,99.58082928114524,0.0,-4.95721469032792,0.0,0.0,0.0,1.9548978514498985,99.74622552203704,0,0.0
0.4921875,0.5078125,0.7578125,0.78125,0.7734375,0.7890625,0.0,0.0,0.0,0.0,0.0,0.0,0.0,0.0,0.0,0.0,0.0,0.0,0.0,74.7839258898849,75.16778292017712,75.16778292017712,0.0,0.0,0.0,1.9844510078583784,99.62821657586812,0.0,0.0,0.0,0.0,0.0,2.0119677434968177,99.74622552203704,0,0.0
0.4921875,0.5078125,0.7578125,0.78125,0.7734375,0.7890625,0.0,0.0,0.0,0.0,0.0,0.0,0.0,0.0,0.0,0.0,0.0,0.0,0.0,75.16778292017712,74.79570572183913,74.7839258898849,0.0,0.0,0.0,1.9716900153035757,99.62821657586812,0.0,0.0,0.0,0.0,0.0,2.011482391216214,99.74622552203704,0,0.0
0.4921875,0.5078125,0.7578125,0.78125,0.7734375,0.7890625,0.0,0.0,0.0,0.0,0.0,0.0,0.0,0.0,0.0,0.0,0.0,0.0,0.0,75.16778292017712,75.16778292017712,75.16778292017712,0.0,0.0,0.0,1.96052791073775,99.64693008507706,0.0,0.0,0.0,0.0,0.0,1.9911670835320152,99.74622552203704,0,0.0
0.4921875,0.5078125,0.7578125,0.78125,0.7734375,0.7890625,0.0,0.0,0.0,0.0,0.0,0.0,0.0,0.0,0.0,0.0,0.0,0.0,0.0,74.7839258898849,75.16778292017712,75.16778292017712,0.0,0.0,0.0,2.005610507205153,99.64693008507706,0.0,0.0,0.0,0.0,0.0,2.011482391216214,99.766021472296,0,0.0
0.4921875,0.5078125,0.7578125,0.78125,0.7734375,0.7890625,0.0,0.0,0.0,0.0,0.0,0.0,0.0,0.0,0.0,0.0,0.0,0.0,0.0,75.16778292017712,74.79570572183913,75.16778292017712,0.0,0.0,0.0,1.9844510078583784,99.62821657586812,0.0,0.0,0.0,0.0,0.0,2.026127505150283,99.766021472296,0,0.0
0.4921875,0.5078125,0.7578125,0.78125,0.7734375,0.7890625,0.0,0.0,0.0,0.0,0.0,0.0,0.0,0.0,0.0,0.0,0.0,0.0,0.0,75.16778292017712,75.16778292017712,75.16778292017712,0.0,0.0,0.0,1.9844510078583784,99.62821657586812,0.0,0.0,0.0,0.0,0.0,2.026127505150283,99.5732108220739,0,0.0
0.4921875,0.5078125,0.7578125,0.78125,0.7734375,0.7890625,0.0,0.0,0.0,0.0,0.0,0.0,0.0,0.0,0.0,0.0,0.0,0.0,0.0,74.79570572183913,75.16778292017712,75.16778292017712,0.0,0.0,0.0,2.005610507205153,99.62821657586812,0.0,0.0,0.0,0.0,0.0,2.029296053883001,99.5732108220739,0,0.0
0.4921875,0.5078125,0.7578125,0.78125,0.7734375,0.7890625,0.0,0.0,0.0,0.0,0.0,0.0,0.0,0.0,0.0,0.0,0.0,0.0,0.0,75.16778292017712,74.79570572183913,75.16778292017712,0.0,0.0,0.0,2.018404664379951,99.62821657586812,0.0,0.0,0.0,0.0,0.0,1.9532527011915544,99.5732108220739,0,0.0
0.4921875,0.5078125,0.7578125,0.78125,0.7734375,0.7890625,0.0,0.0,0.0,0.0,0.0,0.0,0.0,0.0,0.0,0.0,0.0,0.0,0.0,75.16778292017712,75.16778292017712,75.16778292017712,0.0,0.0,0.0,1.9958069796715965,99.62821657586812,0.0,0.0,0.0,0.0,0.0,1.993936940169745,99.5732108220739,0,0.0
0.4921875,0.5078125,0.7578125,0.78125,0.7734375,0.7890625,0.0,0.0,0.0,0.0,0.0,0.0,0.0,0.0,0.0,0.0,0.0,0.0,0.0,75.16778292017712,75.16778292017712,75.16778292017712,0.0,0.0,0.0,1.9844510078583784,99.62821657586812,0.0,0.0,0.0,0.0,0.0,1.9911670835320152,99.5732108220739,0,0.0
0.4921875,0.5078125,0.7578125,0.78125,0.7734375,0.7890625,0.0,0.0,0.0,0.0,0.0,0.0,0.0,0.0,0.0,0.0,0.0,0.0,0.0,75.16778292017712,74.79570572183913,75.16778292017712,0.0,0.0,0.0,1.96052791073775,99.62821657586812,0.0,0.0,0.0,0.0,0.0,2.026127505150283,99.5732108220739,0,0.0
0.4921875,0.5078125,0.7578125,0.78125,0.7734375,0.7890625,0.0,0.0,0.0,0.0,0.0,0.0,0.0,0.0,0.0,0.0,0.0,0.0,0.0,75.16778292017712,75.16778292017712,75.16778292017712,0.0,0.0,0.0,1.96052791073775,99.62821657586812,0.0,0.0,0.0,0.0,0.0,2.011482391216214,99.5732108220739,0,0.0
0.4921875,0.5078125,0.7578125,0.78125,0.7734375,0.7890625,0.0,0.0,0.0,0.0,0.0,0.0,0.0,0.0,0.0,0.0,0.0,0.0,0.0,74.92082925768445,74.92082925768445,75.01566828450268,0.0,0.0,0.0,2.025059313180917,99.62821657586812,0.0,0.0,0.0,0.0,0.0,1.9752886328648975,99.5732108220739,0,0.0
0.4921875,0.5078125,0.7578125,0.78125,0.7734375,0.7890625,0.0,0.0,0.0,0.0,0.0,0.0,0.0,0.0,0.0,0.0,0.0,0.0,0.0,74.92082925768445,74.92082925768445,74.92082925768445,0.0,0.0,0.0,2.025059313180917,99.62821657586812,0.0,0.0,0.0,0.0,0.0,1.9742637425460865,99.5732108220739,0,0.0
0.4921875,0.5078125,0.7578125,0.78125,0.7734375,0.7890625,0.0,0.0,0.0,0.0,0.0,0.0,0.0,0.0,0.0,0.0,0.0,0.0,0.0,75.01566828450268,74.92082925768445,74.92082925768445,0.0,0.0,0.0,2.0365606210076685,99.7378822140181,0.0,0.0,0.0,0.0,0.0,1.961053599964582,99.5732108220739,0,0.0
0.4921875,0.5078125,0.7578125,0.78125,0.7734375,0.7890625,0.0,0.0,0.0,0.0,0.0,0.0,0.0,0.0,0.0,0.0,0.0,0.0,0.0,74.92082925768445,74.92082925768445,74.92082925768445,0.0,0.0,0.0,2.009448412841856,99.7378822140181,0.0,0.0,0.0,0.0,0.0,1.9752886328648975,99.5732108220739,0,0.0
0.4921875,0.5078125,0.7578125,0.78125,0.7734375,0.7890625,0.0,0.0,0.0,0.0,0.0,0.0,0.0,0.0,0.0,0.0,0.0,0.0,0.0,74.92082925768445,74.92082925768445,74.92082925768445,0.0,0.0,0.0,2.025059313180917,99.7378822140181,0.0,0.0,0.0,0.0,0.0,1.9742637425460865,99.5732108220739,0,0.0
0.4921875,0.5078125,0.7578125,0.78125,0.7734375,0.7890625,0.0,0.0,0.0,0.0,0.0,0.0,0.0,0.0,0.0,0.0,0.0,0.0,0.0,75.01170545166386,74.92082925768445,75.01170545166386,0.0,0.0,0.0,2.025059313180917,99.7378822140181,0.0,0.0,0.0,0.0,0.0,2.01957885604697,99.5732108220739,0,0.0
0.4921875,0.5078125,0.7578125,0.78125,0.7734375,0.7890625,0.0,0.0,0.0,0.0,0.0,0.0,0.0,0.0,0.0,0.0,0.0,0.0,0.0,74.92082925768445,74.92082925768445,74.92082925768445,0.0,0.0,0.0,1.9723801324532289,99.7378822140181,0.0,0.0,0.0,0.0,0.0,2.0214513993086096,99.5732108220739,0,0.0
0.4921875,0.5078125,0.7578125,0.78125,0.7734375,0.7890625,0.0,0.0,0.0,0.0,0.0,0.0,0.0,0.0,0.0,0.0,0.0,0.0,0.0,74.92082925768445,74.92082925768445,74.92082925768445,0.0,0.0,0.0,2.0403788551550317,99.7378822140181,0.0,0.0,0.0,0.0,0.0,1.9742637425460865,99.5732108220739,0,0.0
0.4921875,0.5078125,0.7578125,0.78125,0.7734375,0.7890625,0.0,0.0,0.0,0.0,0.0,0.0,0.0,0.0,0.0,0.0,0.0,0.0,0.0,74.92082925768445,74.92082925768445,74.92082925768445,0.0,0.0,0.0,1.9723801324532289,99.7378822140181,0.0,0.0,0.0,0.0,0.0,1.979671985374012,99.5732108220739,0,0.0
0.4921875,0.5078125,0.7578125,0.78125,0.7734375,0.7890625,0.0,0.0,0.0,0.0,0.0,0.0,0.0,0.0,0.0,0.0,0.0,0.0,0.0,75.01566828450268,75.01170545166386,74.92082925768445,0.0,0.0,0.0,1.96959745543587,99.7378822140181,0.0,0.0,0.0,0.0,0.0,1.9742637425460865,99.5732108220739,0,0.0
0.4921875,0.5078125,0.7578125,0.78125,0.7734375,0.7890625,0.0,0.0,0.0,0.0,0.0,0.0,0.0,0.0,0.0,0.0,0.0,0.0,0.0,74.92082925768445,74.92082925768445,75.01170545166386,0.0,0.0,0.0,2.0365606210076685,99.7378822140181,0.0,0.0,0.0,0.0,0.0,1.9742637425460865,99.5732108220739,0,0.0
0.4921875,0.5078125,0.7578125,0.78125,0.7734375,0.7890625,0.0,0.0,0.0,0.0,0.0,0.0,0.0,0.0,0.0,0.0,0.0,0.0,0.0,74.92082925768445,74.92082925768445,74.92082925768445,0.0,0.0,0.0,1.9723801324532289,99.53756869063658,0.0,0.0,0.0,0.0,0.0,2.0214513993086096,99.5732108220739,0,0.0
0.4921875,0.5078125,0.7578125,0.78125,0.7734375,0.7890625,0.0,0.0,0.0,0.0,0.0,0.0,0.0,0.0,0.0,0.0,0.0,0.0,0.0,74.92082925768445,74.92082925768445,74.92082925768445,0.0,0.0,0.0,2.025059313180917,99.53756869063658,0.0,0.0,0.0,0.0,0.0,2.01957885604697,99.5732108220739,0,0.0
0.5078125,0.5078125,0.7578125,0.78125,0.7734375,0.7890625,0.0,0.0,0.0,0.0,0.0,0.0,0.0,0.0,0.0,0.0,0.0,0.0,0.0,74.92082925768445,75.01170545166386,74.92082925768445,0.0,0.0,0.0,2.009448412841856,99.53756869063658,0.0,0.0,0.0,0.0,0.0,1.9752886328648975,99.5732108220739,0,0.0
0.5078125,0.5078125,0.7578125,0.78125,0.7734375,0.7890625,0.0,0.0,0.0,0.0,0.0,0.0,0.0,0.0,0.0,0.0,0.0,0.0,0.0,75.01566828450268,74.92082925768445,74.92082925768445,0.0,0.0,0.0,2.025059313180917,99.53756869063658,0.0,0.0,0.0,0.0,0.0,1.9752886328648975,99.5732108220739,0,0.0
0.5078125,0.5078125,0.7578125,0.78125,0.7734375,0.7890625,0.0,0.0,0.0,0.0,0.0,0.0,0.0,0.0,0.0,0.0,0.0,0.0,0.0,74.92082925768445,74.92082925768445,74.92082925768445,0.0,0.0,0.0,2.009448412841856,99.53756869063658,0.0,0.0,0.0,0.0,0.0,1.9752886328648975,99.5732108220739,0,0.0
0.5078125,0.5078125,0.7578125,0.78125,0.7734375,0.7890625,0.0,0.0,0.0,0.0,0.0,0.0,0.0,0.0,0.0,0.0,0.0,0.0,0.0,74.92082925768445,74.92082925768445,74.92082925768445,0.0,0.0,0.0,2.009448412841856,99.53756869063658,0.0,0.0,0.0,0.0,0.0,2.0214513993086096,99.5732108220739,0,0.0
0.5078125,0.5078125,0.7578125,0.78125,0.7734375,0.7890625,0.0,0.0,0.0,0.0,0.0,0.0,0.0,0.0,0.0,0.0,0.0,0.0,0.0,75.01566828450268,75.01566828450268,74.92082925768445,0.0,0.0,0.0,2.009448412841856,99.53756869063658,0.0,0.0,0.0,0.0,0.0,1.9752886328648975,99.5732108220739,0,0.0
0.5078125,0.5078125,0.7578125,0.78125,0.7734375,0.7890625,0.0,0.0,0.0,0.0,0.0,0.0,0.0,0.0,0.0,0.0,0.0,0.0,0.0,74.92082925768445,74.92082925768445,75.01170545166386,0.0,0.0,0.0,2.009448412841856,99.53756869063658,0.0,0.0,0.0,0.0,0.0,2.0214513993086096,99.5732108220739,0,0.0
0.5078125,0.5078125,0.7578125,0.78125,0.7734375,0.7890625,0.0,0.0,0.0,0.0,0.0,0.0,0.0,0.0,0.0,0.0,0.0,0.0,0.0,74.92082925768445,74.92082925768445,74.92082925768445,0.0,0.0,0.0,2.025059313180917,99.53756869063658,0.0,0.0,0.0,0.0,0.0,1.9752886328648975,99.5732108220739,0,0.0
0.5078125,0.5078125,0.7578125,0.78125,0.7734375,0.7890625,0.0,0.0,0.0,0.0,0.0,0.0,0.0,0.0,0.0,0.0,0.0,0.0,0.0,75.02715763749568,75.02715763749568,75.02715763749568,0.0,0.0,0.0,1.9955607614760489,99.53756869063658,0.0,0.0,0.0,0.0,0.0,2.0294116778702707,99.5732108220739,0,0.0
0.5078125,0.5078125,0.7578125,0.78125,0.7734375,0.7890625,0.0,0.0,0.0,0.0,0.0,0.0,0.0,0.0,0.0,0.0,0.0,0.0,0.0,75.02715763749568,75.02715763749568,75.02715763749568,0.0,0.0,0.0,2.0041727264629143,99.77582722545188,0.0,0.0,0.0,0.0,0.0,1.9974144373528493,99.5732108220739,0,0.0
0.5078125,0.5078125,0.7578125,0.78125,0.7734375,0.7890625,0.0,0.0,0.0,0.0,0.0,0.0,0.0,0.0,0.0,0.0,0.0,0.0,0.0,75.02715763749568,75.02715763749568,75.02715763749568,0.0,0.0,0.0,2.006962557163108,99.94381809163976,0.0,0.0,0.0,0.0,0.0,1.9880074572084896,99.75024505372386,0,0.0
0.5078125,0.5078125,0.7578125,0.78125,0.7734375,0.7890625,0.0,0.0,0.0,0.0,0.0,0.0,0.0,0.0,0.0,0.0,0.0,0.0,0.0,75.02715763749568,75.02715763749568,75.06876364593617,0.0,0.0,0.0,2.0041727264629143,99.94381809163976,0.0,0.0,0.0,0.0,0.0,1.9867380631950784,99.92487620036064,0,0.0
0.5078125,0.5078125,0.7578125,0.78125,0.7734375,0.7890625,0.0,0.0,0.0,0.0,0.0,0.0,0.0,0.0,0.0,0.0,0.0,0.0,0.0,75.02715763749568,75.06876364593617,75.02715763749568,0.0,0.0,0.0,1.9920082950555664,99.94381809163976,0.0,0.0,0.0,0.0,0.0,1.9880074572084896,99.75024505372386,0,0.0
0.5078125,0.5078125,0.7578125,0.78125,0.7734375,0.7890625,0.0,0.0,0.0,0.0,0.0,0.0,0.0,0.0,0.0,0.0,0.0,0.0,0.0,75.02715763749568,75.02715763749568,75.02715763749568,0.0,0.0,0.0,1.9910867009857711,99.94381809163976,0.0,0.0,0.0,0.0,0.0,1.9867380631950784,99.92487620036064,0,0.0
0.5078125,0.5078125,0.7578125,0.78125,0.7734375,0.7890625,0.0,0.0,0.0,0.0,0.0,0.0,0.0,0.0,0.0,0.0,0.0,0.0,0.0,75.02715763749568,75.02715763749568,75.02715763749568,0.0,0.0,0.0,1.9920082950555664,99.94381809163976,0.0,0.0,0.0,0.0,0.0,2.024996729744274,99.92487620036064,0,0.0
0.5078125,0.5078125,0.7578125,0.78125,0.7734375,0.7890625,0.0,0.0,0.0,0.0,0.0,0.0,0.0,0.0,0.0,0.0,0.0,0.0,0.0,75.06876364593617,75.02715763749568,75.02715763749568,0.0,0.0,0.0,2.006962557163108,99.94381809163976,0.0,0.0,0.0,0.0,0.0,1.9880074572084896,99.92487620036064,0,0.0
0.5078125,0.5078125,0.7578125,0.78125,0.7734375,0.7890625,0.0,0.0,0.0,0.0,0.0,0.0,0.0,0.0,0.0,0.0,0.0,0.0,0.0,75.02715763749568,75.06876364593617,75.02715763749568,0.0,0.0,0.0,1.9928570707013924,99.94381809163976,0.0,0.0,0.0,0.0,0.0,2.024996729744274,99.92487620036064,0,0.0
0.5078125,0.5078125,0.7578125,0.78125,0.7734375,0.7890625,0.0,0.0,0.0,0.0,0.0,0.0,0.0,0.0,0.0,0.0,0.0,0.0,0.0,75.02715763749568,75.02715763749568,75.02715763749568,0.0,0.0,0.0,2.006751872552195,99.94381809163976,0.0,0.0,0.0,0.0,0.0,1.9867380631950784,99.92487620036064,0,0.0
0.5078125,0.5078125,0.7421875,0.765625,0.7734375,0.7890625,0.0,0.0,0.0,0.0,0.0,0.0,0.0,0.0,0.0,0.0,0.0,0.0,0.0,75.02715763749568,75.02715763749568,75.02715763749568,0.0,0.0,0.0,2.006962557163108,99.9606978856874,0.0,0.0,0.0,0.0,0.0,1.9880074572084896,99.92487620036064,0,0.0
0.5078125,0.5078125,0.7421875,0.765625,0.7890625,0.7890625,0.0,0.0,0.0,0.0,0.0,0.0,0.0,0.0,0.0,0.0,0.0,0.0,0.0,75.02715763749568,75.02715763749568,75.02715763749568,0.0,0.0,0.0,2.0041727264629143,99.9606978856874,0.0,0.0,0.0,0.0,0.0,1.9974144373528493,99.92487620036064,0,0.0
0.5078125,0.5078125,0.7421875,0.765625,0.7890625,0.7890625,0.0,0.0,0.0,0.0,0.0,0.0,0.0,0.0,0.0,0.0,0.0,0.0,0.0,75.02715763749568,75.02715763749568,75.02715763749568,0.0,0.0,0.0,1.9920082950555664,99.9606978856874,0.0,0.0,0.0,0.0,0.0,2.0422213138798755,99.92487620036064,0,0.0
0.5078125,0.5078125,0.7421875,0.765625,0.7890625,0.7890625,0.0,0.0,0.0,0.0,0.0,0.0,0.0,0.0,0.0,0.0,0.0,0.0,0.0,75.17856483055051,75.06876364593617,75.02715763749568,0.0,0.0,0.0,2.0041727264629143,99.9606978856874,0.0,0.0,0.0,0.0,0.0,2.037952531726651,99.88780166493204,0,0.0
0.5078125,0.5078125,0.7421875,0.765625,0.7890625,0.7890625,0.0,0.0,0.0,0.0,0.0,0.0,0.0,0.0,0.0,0.0,0.0,0.0,0.0,75.02715763749568,75.02715763749568,75.02715763749568,0.0,0.0,0.0,1.9910867009857711,99.9606978856874,0.0,0.0,0.0,0.0,0.0,1.9880074572084896,99.75024505372386,0,0.0
0.5078125,0.5078125,0.7421875,0.765625,0.7890625,0.7890625,0.0,0.0,0.0,0.0,0.0,0.0,0.0,0.0,0.0,0.0,0.0,0.0,0.0,75.02715763749568,75.02715763749568,75.02715763749568,0.0,0.0,0.0,1.9920082950555664,99.9606978856874,0.0,0.0,0.0,0.0,0.0,2.023559307807896,99.75024505372386,0,0.0
0.5078125,0.5078125,0.7421875,0.765625,0.7890625,0.7890625,0.0,0.0,0.0,0.0,0.0,0.0,0.0,0.0,0.0,0.0,0.0,0.0,0.0,75.02715763749568,75.02715763749568,75.17856483055051,0.0,0.0,0.0,2.003441536313262,99.9606978856874,0.0,0.0,0.0,0.0,0.0,2.023294928313585,99.58580084192003,0,0.0
0.5078125,0.5078125,0.7421875,0.765625,0.7890625,0.7890625,0.0,0.0,0.0,0.0,0.0,0.0,0.0,0.0,0.0,0.0,0.0,0.0,0.0,75.06876364593617,75.02715763749568,75.02715763749568,0.0,0.0,0.0,2.006962557163108,99.94381809163976,0.0,0.0,0.0,0.0,0.0,1.9867380631950784,99.92487620036064,0,0.0
0.5078125,0.5078125,0.7421875,0.765625,0.7890625,0.7890625,0.0,0.0,0.0,0.0,0.0,0.0,0.0,0.0,0.0,0.0,0.0,0.0,0.0,75.02715763749568,75.02715763749568,75.02715763749568,0.0,0.0,0.0,1.9955607614760489,99.94381809163976,0.0,0.0,0.0,0.0,0.0,2.023559307807896,99.92487620036064,0,0.0
0.5078125,0.5078125,0.7421875,0.765625,0.7890625,0.7890625,0.0,0.0,0.0,0.0,0.0,0.0,0.0,0.0,0.0,0.0,0.0,0.0,0.0,75.02715763749568,75.02715763749568,75.02715763749568,0.0,0.0,0.0,1.9920082950555664,99.94381809163976,0.0,0.0,0.0,0.0,0.0,2.024996729744274,99.92487620036064,0,0.0
0.5078125,0.5078125,0.7421875,0.765625,0.7890625,0.7890625,0.0,0.0,0.0,0.0,0.0,0.0,0.0,0.0,0.0,0.0,0.0,0.0,0.0,74.97650120442,74.93335047874254,74.97650120442,0.0,0.0,0.0,1.9995725502568984,99.5733077970424,0.0,0.0,0.0,0.0,0.0,1.9714255428215823,99.92487620036064,0,0.0
0.5078125,0.5078125,0.7421875,0.765625,0.7890625,0.7890625,0.0,0.0,0.0,0.0,0.0,0.0,0.0,0.0,0.0,0.0,0.0,0.0,0.0,74.97650120442,74.97650120442,74.97650120442,0.0,0.0,0.0,1.9909851891447796,99.5733077970424,0.0,0.0,0.0,0.0,0.0,1.9915326204776571,99.92487620036064,0,0.0
0.5078125,0.5078125,0.7421875,0.765625,0.7890625,0.7890625,0.0,0.0,0.0,0.0,0.0,0.0,0.0,0.0,0.0,0.0,0.0,0.0,0.0,74.97650120442,74.97650120442,74.93335047874254,0.0,0.0,0.0,1.970147034471616,99.7079486717212,0.0,0.0,0.0,0.0,0.0,1.9761077341678248,99.92487620036064,0,0.0
0.5078125,0.5078125,0.7421875,0.765625,0.7890625,0.7890625,0.0,0.0,0.0,0.0,0.0,0.0,0.0,0.0,0.0,0.0,0.0,0.0,0.0,74.97650120442,74.93335047874254,74.97650120442,0.0,0.0,0.0,2.0157785098565784,99.7079486717212,0.0,0.0,0.0,0.0,0.0,1.9761077341678248,99.92487620036064,0,0.0
0.5078125,0.5078125,0.7421875,0.765625,0.7890625,0.7890625,0.0,0.0,0.0,0.0,0.0,0.0,0.0,0.0,0.0,0.0,0.0,0.0,0.0,74.97650120442,74.97650120442,74.97650120442,0.0,0.0,0.0,2.0157785098565784,99.7079486717212,0.0,0.0,0.0,0.0,0.0,2.0134214904380974,99.92487620036064,0,0.0
0.5078125,0.5078125,0.7421875,0.765625,0.7890625,0.7890625,0.0,0.0,0.0,0.0,0.0,0.0,0.0,0.0,0.0,0.0,0.0,0.0,0.0,74.97650120442,74.97650120442,74.97506265926981,0.0,0.0,0.0,2.0157785098565784,99.7079486717212,0.0,0.0,0.0,0.0,0.0,1.994841773846061,99.86483037553072,0,0.0
0.5078125,0.5078125,0.7421875,0.765625,0.7890625,0.7890625,0.0,0.0,0.0,0.0,0.0,0.0,0.0,0.0,0.0,0.0,0.0,0.0,0.0,74.97650120442,74.97506265926981,74.97650120442,0.0,0.0,0.0,2.0157785098565784,99.7079486717212,0.0,0.0,0.0,0.0,0.0,1.9761077341678248,99.86483037553072,0,0.0
0.5078125,0.5078125,0.7421875,0.765625,0.7890625,0.7890625,0.0,0.0,0.0,0.0,0.0,0.0,0.0,0.0,0.0,0.0,0.0,0.0,0.0,74.93335047874254,74.97650120442,74.97650120442,0.0,0.0,0.0,2.0169835853954408,99.50510090882534,0.0,0.0,0.0,0.0,0.0,2.0134214904380974,99.86483037553072,0,0.0
0.5078125,0.5078125,0.7421875,0.765625,0.7890625,0.7890625,0.0,0.0,0.0,0.0,0.0,0.0,0.0,0.0,0.0,0.0,0.0,0.0,0.0,74.97650120442,74.97650120442,74.97650120442,0.0,0.0,0.0,2.034484647991289,99.50510090882534,0.0,0.0,0.0,0.0,0.0,2.0134214904380974,99.86483037553072,0,0.0
0.5078125,0.5078125,0.7421875,0.765625,0.7890625,0.7890625,0.0,0.0,0.0,0.0,0.0,0.0,0.0,0.0,0.0,0.0,0.0,0.0,0.0,74.97650120442,74.97650120442,74.97650120442,0.0,0.0,0.0,2.034484647991289,99.50510090882534,0.0,0.0,0.0,0.0,0.0,1.9896120633311023,99.86483037553072,0,0.0
0.5078125,0.5078125,0.7421875,0.765625,0.7890625,0.7890625,0.0,0.0,0.0,0.0,0.0,0.0,0.0,0.0,0.0,0.0,0.0,0.0,0.0,74.97650120442,74.97650120442,74.97650120442,0.0,0.0,0.0,2.0157785098565784,99.7079486717212,0.0,0.0,0.0,0.0,0.0,1.994841773846061,99.86483037553072,0,0.0
0.5078125,0.5078125,0.7421875,0.765625,0.7890625,0.7890625,0.0,0.0,0.0,0.0,0.0,0.0,0.0,0.0,0.0,0.0,0.0,0.0,0.0,74.97650120442,74.97650120442,74.97650120442,0.0,0.0,0.0,2.0157785098565784,99.98736007396973,0.0,0.0,0.0,0.0,0.0,1.9761077341678248,99.86483037553072,0,0.0
0.5078125,0.5078125,0.7421875,0.765625,0.7890625,0.7890625,0.0,0.0,0.0,0.0,0.0,0.0,0.0,0.0,0.0,0.0,0.0,0.0,0.0,74.97650120442,74.97650120442,74.93335047874254,0.0,0.0,0.0,2.0157785098565784,99.98736007396973,0.0,0.0,0.0,0.0,0.0,1.985528104848736,99.86483037553072,0,0.0
0.5234375,0.5078125,0.7421875,0.765625,0.7890625,0.7890625,0.0,0.0,0.0,0.0,0.0,0.0,0.0,0.0,0.0,0.0,0.0,0.0,0.0,74.97650120442,74.97650120442,74.97650120442,0.0,0.0,0.0,2.0169835853954408,99.50510090882534,0.0,0.0,0.0,0.0,0.0,1.97889849536854,99.86483037553072,0,0.0
0.5234375,0.5078125,0.7421875,0.765625,0.7890625,0.7890625,0.0,0.0,0.0,0.0,0.0,0.0,0.0,0.0,0.0,0.0,0.0,0.0,0.0,74.93335047874254,74.97650120442,74.97650120442,0.0,0.0,0.0,1.9604543368837477,99.50510090882534,0.0,0.0,0.0,0.0,0.0,1.994841773846061,99.86483037553072,0,0.0
0.5234375,0.5078125,0.7421875,0.765625,0.7890625,0.7890625,0.0,0.0,0.0,0.0,0.0,0.0,0.0,0.0,0.0,0.0,0.0,0.0,0.0,74.97650120442,74.97650120442,74.93335047874254,0.0,0.0,0.0,1.970147034471616,99.7079486717212,0.0,0.0,0.0,0.0,0.0,2.0211887443433127,99.86483037553072,0,0.0
0.5234375,0.5078125,0.7421875,0.765625,0.7890625,0.7890625,0.0,0.0,0.0,0.0,0.0,0.0,0.0,0.0,0.0,0.0,0.0,0.0,0.0,74.97650120442,74.93335047874254,74.97650120442,0.0,0.0,0.0,1.970147034471616,99.7079486717212,0.0,0.0,0.0,0.0,0.0,1.97889849536854,99.86483037553072,0,0.0
0.5234375,0.5078125,0.7421875,0.765625,0.7890625,0.7890625,0.0,0.0,0.0,0.0,0.0,0.0,0.0,0.0,0.0,0.0,0.0,0.0,0.0,74.93335047874254,74.97650120442,74.97650120442,0.0,0.0,0.0,2.0157785098565784,99.7079486717212,0.0,0.0,0.0,0.0,0.0,1.994841773846061,99.86483037553072,0,0.0
0.5234375,0.5078125,0.7421875,0.765625,0.7890625,0.7890625,0.0,0.0,0.0,0.0,0.0,0.0,0.0,0.0,0.0,0.0,0.0,0.0,0.0,74.97650120442,74.97650120442,74.93335047874254,0.0,0.0,0.0,1.970147034471616,99.7079486717212,0.0,0.0,0.0,0.0,0.0,1.9896120633311023,99.86483037553072,0,0.0
0.5234375,0.5078125,0.7421875,0.765625,0.7890625,0.7890625,0.0,0.0,0.0,0.0,0.0,0.0,0.0,0.0,0.0,0.0,0.0,0.0,0.0,74.97650120442,74.93335047874254,74.97650120442,0.0,0.0,0.0,1.970147034471616,99.7079486717212,0.0,0.0,0.0,0.0,0.0,1.9761077341678248,99.86483037553072,0,0.0
0.5234375,0.5078125,0.7421875,0.765625,0.7890625,0.7890625,0.0,0.0,0.0,0.0,0.0,0.0,0.0,0.0,0.0,0.0,0.0,0.0,0.0,74.88232564829498,74.9779211973705,74.9779211973705,0.0,0.0,0.0,1.992101722645044,99.7079486717212,0.0,0.0,0.0,0.0,0.0,2.0060211551664304,99.86483037553072,0,0.0
0.5234375,0.5078125,0.7421875,0.765625,0.7890625,0.7890625,0.0,0.0,0.0,0.0,0.0,0.0,0.0,0.0,0.0,0.0,0.0,0.0,0.0,74.9779211973705,74.9779211973705,74.9779211973705,0.0,0.0,0.0,1.9815759297163265,99.7079486717212,0.0,0.0,0.0,0.0,0.0,2.0060211551664304,99.58233743690718,0,0.0
0.5234375,0.5078125,0.7421875,0.765625,0.7890625,0.7890625,0.0,0.0,0.0,0.0,0.0,0.0,0.0,0.0,0.0,0.0,0.0,0.0,0.0,74.9779211973705,74.9779211973705,74.9779211973705,0.0,0.0,0.0,2.015673498427061,99.7079486717212,0.0,0.0,0.0,0.0,0.0,1.9990123009478011,99.58233743690718,0,0.0
0.5234375,0.5078125,0.7421875,0.765625,0.7890625,0.7890625,0.0,0.0,0.0,0.0,0.0,0.0,0.0,0.0,0.0,0.0,0.0,0.0,0.0,74.9779211973705,74.88232564829498,74.9779211973705,0.0,0.0,0.0,2.016653192218295,99.91969599082206,0.0,0.0,0.0,0.0,0.0,2.0332815586045445,99.58233743690718,0,0.0
0.5234375,0.5078125,0.7421875,0.765625,0.7890625,0.7890625,0.0,0.0,0.0,0.0,0.0,0.0,0.0,0.0,0.0,0.0,0.0,0.0,0.0,74.8537585864954,74.9779211973705,74.9779211973705,0.0,0.0,0.0,2.015673498427061,99.91969599082206,0.0,0.0,0.0,0.0,0.0,1.9990123009478011,99.58233743690718,0,0.0
0.5234375,0.5078125,0.7421875,0.765625,0.7890625,0.7890625,0.0,0.0,0.0,0.0,0.0,0.0,0.0,0.0,0.0,0.0,0.0,0.0,0.0,74.9779211973705,74.9779211973705,74.9779211973705,0.0,0.0,0.0,1.992101722645044,99.91969599082206,0.0,0.0,0.0,0.0,0.0,2.0332815586045445,99.58233743690718,0,0.0
0.5234375,0.5078125,0.7421875,0.765625,0.7890625,0.7890625,0.0,0.0,0.0,0.0,0.0,0.0,0.0,0.0,0.0,0.0,0.0,0.0,0.0,74.9779211973705,74.9779211973705,74.9779211973705,0.0,0.0,0.0,1.974326947857635,99.91969599082206,0.0,0.0,0.0,0.0,0.0,1.9990123009478011,99.58233743690718,0,0.0
0.5234375,0.5078125,0.7421875,0.765625,0.7890625,0.7890625,0.0,0.0,0.0,0.0,0.0,0.0,0.0,0.0,0.0,0.0,0.0,0.0,0.0,74.9779211973705,74.8537585864954,74.9779211973705,0.0,0.0,0.0,1.974326947857635,99.91969599082206,0.0,0.0,0.0,0.0,0.0,2.022417346334744,99.58233743690718,0,0.0
0.5234375,0.5078125,0.7421875,0.765625,0.7890625,0.7890625,0.0,0.0,0.0,0.0,0.0,0.0,0.0,0.0,0.0,0.0,0.0,0.0,0.0,74.9779211973705,74.9779211973705,74.9779211973705,0.0,0.0,0.0,1.9815759297163265,99.91969599082206,0.0,0.0,0.0,0.0,0.0,2.0060211551664304,99.58233743690718,0,0.0
0.5234375,0.5078125,0.7421875,0.765625,0.7890625,0.7890625,0.0,0.0,0.0,0.0,0.0,0.0,0.0,0.0,0.0,0.0,0.0,0.0,0.0,74.88232564829498,74.9779211973705,74.8537585864954,0.0,0.0,0.0,2.016653192218295,99.91969599082206,0.0,0.0,0.0,0.0,0.0,2.022417346334744,99.72528276205009,0,0.0
0.5234375,0.5078125,0.7421875,0.765625,0.7890625,0.7890625,0.0,0.0,0.0,0.0,0.0,0.0,0.0,0.0,0.0,0.0,0.0,0.0,0.0,74.9779211973705,74.9779211973705,74.9779211973705,0.0,0.0,0.0,1.974326947857635,99.65302877189716,0.0,0.0,0.0,0.0,0.0,2.022417346334744,99.72528276205009,0,0.0
0.5234375,0.5078125,0.7421875,0.765625,0.7890625,0.7890625,0.0,0.0,0.0,0.0,0.0,0.0,0.0,0.0,0.0,0.0,0.0,0.0,0.0,74.9779211973705,74.9779211973705,74.9779211973705,0.0,0.0,0.0,2.016653192218295,99.93808735147536,0.0,0.0,0.0,0.0,0.0,2.022417346334744,99.72528276205009,0,0.0
0.5234375,0.5078125,0.7421875,0.765625,0.7890625,0.7890625,0.0,0.0,0.0,0.0,0.0,0.0,0.0,0.0,0.0,0.0,0.0,0.0,0.0,74.9779211973705,74.9779211973705,74.9779211973705,0.0,0.0,0.0,2.015673498427061,99.93808735147536,0.0,0.0,0.0,0.0,0.0,1.9990123009478011,99.72528276205009,0,0.0
0.5234375,0.5078125,0.7421875,0.765625,0.7890625,0.7890625,0.0,0.0,0.0,0.0,0.0,0.0,0.0,0.0,0.0,0.0,0.0,0.0,0.0,74.88232564829498,74.9779211973705,74.8537585864954,0.0,0.0,0.0,2.016653192218295,99.91969599082206,0.0,0.0,0.0,0.0,0.0,2.0060211551664304,99.64136264663726,0,0.0
0.5234375,0.5078125,0.7421875,0.765625,0.7890625,0.7890625,0.0,0.0,0.0,0.0,0.0,0.0,0.0,0.0,0.0,0.0,0.0,0.0,0.0,74.9779211973705,74.9779211973705,74.9779211973705,0.0,0.0,0.0,1.974326947857635,99.91969599082206,0.0,0.0,0.0,0.0,0.0,1.9990123009478011,99.64136264663726,0,0.0
0.5234375,0.5078125,0.7421875,0.765625,0.7890625,0.7890625,0.0,0.0,0.0,0.0,0.0,0.0,0.0,0.0,0.0,0.0,0.0,0.0,0.0,74.9779211973705,74.9779211973705,74.9779211973705,0.0,0.0,0.0,1.974326947857635,99.91969599082206,0.0,0.0,0.0,0.0,0.0,2.0060211551664304,99.64136264663726,0,0.0
0.5234375,0.5078125,0.7421875,0.765625,0.7890625,0.7890625,0.0,0.0,0.0,0.0,0.0,0.0,0.0,0.0,0.0,0.0,0.0,0.0,0.0,74.9779211973705,74.88232564829498,74.9779211973705,0.0,0.0,0.0,1.9921371039129352,99.81544136005046,0.0,0.0,0.0,0.0,0.0,2.0051920822604163,99.64136264663726,0,0.0
0.5234375,0.5078125,0.7421875,0.765625,0.7890625,0.7890625,0.0,0.0,0.0,0.0,0.0,0.0,0.0,0.0,0.0,0.0,0.0,0.0,0.0,74.9779211973705,74.9779211973705,74.88232564829498,0.0,0.0,0.0,1.9815759297163265,99.81544136005046,0.0,0.0,0.0,0.0,0.0,2.0060211551664304,99.64136264663726,0,0.0
0.5234375,0.5078125,0.7421875,0.765625,0.7890625,0.7890625,0.0,0.0,0.0,0.0,0.0,0.0,0.0,0.0,0.0,0.0,0.0,0.0,0.0,74.9779211973705,74.9779211973705,74.9779211973705,0.0,0.0,0.0,2.015673498427061,99.81544136005046,0.0,0.0,0.0,0.0,0.0,2.0088996776957413,99.64136264663726,0,0.0
0.5234375,0.5078125,0.7421875,0.765625,0.7890625,0.7890625,0.0,0.0,0.0,0.0,0.0,0.0,0.0,0.0,0.0,0.0,0.0,0.0,0.0,74.9779211973705,74.9779211973705,74.9779211973705,0.0,0.0,0.0,2.016653192218295,99.93808735147536,0.0,0.0,0.0,0.0,0.0,1.9726597743250032,99.78467028049243,0,0.0
0.5234375,0.5078125,0.7421875,0.765625,0.7890625,0.7890625,0.0,0.0,0.0,0.0,0.0,0.0,0.0,0.0,0.0,0.0,0.0,0.0,0.0,75.03632698566359,75.03632698566359,75.03231122616911,0.0,0.0,0.0,2.0087073354857536,99.93808735147536,0.0,0.0,0.0,0.0,0.0,1.979431646852456,99.8551332301633,0,0.0
0.5234375,0.5078125,0.7421875,0.765625,0.7890625,0.7890625,0.0,0.0,0.0,0.0,0.0,0.0,0.0,0.0,0.0,0.0,0.0,0.0,0.0,75.03231122616911,75.03231122616911,75.03632698566359,0.0,0.0,0.0,2.006002663861186,99.76284849395404,0.0,0.0,0.0,0.0,0.0,1.979431646852456,99.8551332301633,0,0.0
0.5234375,0.5078125,0.7421875,0.765625,0.7890625,0.7890625,0.0,0.0,0.0,0.0,0.0,0.0,0.0,0.0,0.0,0.0,0.0,0.0,0.0,75.03231122616911,75.03231122616911,75.03231122616911,0.0,0.0,0.0,2.0087073354857536,99.76284849395404,0.0,0.0,0.0,0.0,0.0,1.979431646852456,99.8551332301633,0,0.0
0.5234375,0.5078125,0.7421875,0.765625,0.7890625,0.7890625,0.0,0.0,0.0,0.0,0.0,0.0,0.0,0.0,0.0,0.0,0.0,0.0,0.0,75.03231122616911,75.03231122616911,75.03231122616911,0.0,0.0,0.0,2.006002663861186,99.76284849395404,0.0,0.0,0.0,0.0,0.0,2.0015535221990803,99.8551332301633,0,0.0
0.5234375,0.5078125,0.7421875,0.765625,0.7890625,0.7890625,0.0,0.0,0.0,0.0,0.0,0.0,0.0,0.0,0.0,0.0,0.0,0.0,0.0,75.03632698566359,75.03632698566359,75.03231122616911,0.0,0.0,0.0,2.006002663861186,99.76284849395404,0.0,0.0,0.0,0.0,0.0,1.9919373645195864,99.8551332301633,0,0.0
0.5234375,0.5078125,0.7421875,0.765625,0.7890625,0.7890625,0.0,0.0,0.0,0.0,0.0,0.0,0.0,0.0,0.0,0.0,0.0,0.0,0.0,75.03231122616911,75.03231122616911,75.03632698566359,0.0,0.0,0.0,2.0087073354857536,99.73676088944924,0.0,0.0,0.0,0.0,0.0,1.979431646852456,99.8551332301633,0,0.0
0.5234375,0.5078125,0.7421875,0.765625,0.7890625,0.7890625,0.0,0.0,0.0,0.0,0.0,0.0,0.0,0.0,0.0,0.0,0.0,0.0,0.0,75.03231122616911,75.03231122616911,75.03231122616911,0.0,0.0,0.0,2.0087073354857536,99.73676088944924,0.0,0.0,0.0,0.0,0.0,1.979431646852456,99.8551332301633,0,0.0
0.5234375,0.5078125,0.7421875,0.765625,0.7890625,0.7890625,0.0,0.0,0.0,0.0,0.0,0.0,0.0,0.0,0.0,0.0,0.0,0.0,0.0,75.03231122616911,75.03231122616911,75.03231122616911,0.0,0.0,0.0,2.0087073354857536,99.73676088944924,0.0,0.0,0.0,0.0,0.0,1.979431646852456,99.8551332301633,0,0.0
0.5234375,0.5078125,0.7421875,0.765625,0.7890625,0.7890625,0.0,0.0,0.0,0.0,0.0,0.0,0.0,0.0,0.0,0.0,0.0,0.0,0.0,75.03632698566359,75.03231122616911,75.03231122616911,0.0,0.0,0.0,2.006002663861186,99.76284849395404,0.0,0.0,0.0,0.0,0.0,1.973399165356142,99.8551332301633,0,0.0
0.5234375,0.5078125,0.7421875,0.765625,0.7890625,0.7890625,0.0,0.0,0.0,0.0,0.0,0.0,0.0,0.0,0.0,0.0,0.0,0.0,0.0,75.03231122616911,75.03231122616911,75.03632698566359,0.0,0.0,0.0,2.021264742949678,99.76284849395404,0.0,0.0,0.0,0.0,0.0,1.979431646852456,99.8551332301633,0,0.0
0.5234375,0.5078125,0.7421875,0.765625,0.7890625,0.7890625,0.0,0.0,0.0,0.0,0.0,0.0,0.0,0.0,0.0,0.0,0.0,0.0,0.0,75.03231122616911,75.03231122616911,75.03231122616911,0.0,0.0,0.0,2.006002663861186,99.76284849395404,0.0,0.0,0.0,0.0,0.0,1.9834861415272624,99.8551332301633,0,0.0
0.5234375,0.5078125,0.7421875,0.765625,0.7890625,0.7890625,0.0,0.0,0.0,0.0,0.0,0.0,0.0,0.0,0.0,0.0,0.0,0.0,0.0,75.03231122616911,75.03094224741015,75.03231122616911,0.0,0.0,0.0,2.006002663861186,99.76284849395404,0.0,0.0,0.0,0.0,0.0,1.973399165356142,99.8551332301633,0,0.0
0.5234375,0.5078125,0.7421875,0.765625,0.7890625,0.7890625,0.0,0.0,0.0,0.0,0.0,0.0,0.0,0.0,0.0,0.0,0.0,0.0,0.0,75.03632698566359,75.03231122616911,75.03094224741015,0.0,0.0,0.0,2.006002663861186,99.76284849395404,0.0,0.0,0.0,0.0,0.0,1.979431646852456,99.8551332301633,0,0.0
0.5234375,0.5234375,0.7421875,0.765625,0.7890625,0.7890625,0.0,0.0,0.0,0.0,0.0,0.0,0.0,0.0,0.0,0.0,0.0,0.0,0.0,75.03231122616911,75.03231122616911,75.03231122616911,0.0,0.0,0.0,2.006002663861186,99.76284849395404,0.0,0.0,0.0,0.0,0.0,1.9919373645195864,99.8551332301633,0,0.0
0.5234375,0.5234375,0.7421875,0.765625,0.7890625,0.7890625,0.0,0.0,0.0,0.0,0.0,0.0,0.0,0.0,0.0,0.0,0.0,0.0,0.0,75.03231122616911,75.03231122616911,75.03231122616911,0.0,0.0,0.0,2.002089424518035,99.76284849395404,0.0,0.0,0.0,0.0,0.0,1.979431646852456,99.8551332301633,0,0.0
0.5234375,0.5234375,0.7421875,0.765625,0.7890625,0.7890625,0.0,0.0,0.0,0.0,0.0,0.0,0.0,0.0,0.0,0.0,0.0,0.0,0.0,75.03231122616911,75.03632698566359,75.03231122616911,0.0,0.0,0.0,2.0087073354857536,99.76284849395404,0.0,0.0,0.0,0.0,0.0,2.0015535221990803,99.92239711084626,0,0.0
0.5234375,0.5234375,0.7421875,0.765625,0.7890625,0.7890625,0.0,0.0,0.0,0.0,0.0,0.0,0.0,0.0,0.0,0.0,0.0,0.0,0.0,75.03231122616911,75.03231122616911,75.03632698566359,0.0,0.0,0.0,2.006002663861186,99.76284849395404,0.0,0.0,0.0,0.0,0.0,1.9919373645195864,99.92239711084626,0,0.0
0.5234375,0.5234375,0.7421875,0.765625,0.7890625,0.7890625,0.0,0.0,0.0,0.0,0.0,0.0,0.0,0.0,0.0,0.0,0.0,0.0,0.0,75.03231122616911,75.03231122616911,75.03231122616911,0.0,0.0,0.0,2.0087073354857536,99.76284849395404,0.0,0.0,0.0,0.0,0.0,1.973399165356142,99.92239711084626,0,0.0
0.5234375,0.5234375,0.7421875,0.765625,0.7890625,0.7890625,0.0,0.0,0.0,0.0,0.0,0.0,0.0,0.0,0.0,0.0,0.0,0.0,0.0,75.03231122616911,75.03231122616911,75.03231122616911,0.0,0.0,0.0,2.006002663861186,99.76284849395404,0.0,0.0,0.0,0.0,0.0,1.979431646852456,99.92239711084626,0,0.0
0.5234375,0.5234375,0.7421875,0.765625,0.7890625,0.7890625,0.0,0.0,0.0,0.0,0.0,0.0,0.0,0.0,0.0,0.0,0.0,0.0,0.0,75.03231122616911,75.03231122616911,75.03231122616911,0.0,0.0,0.0,1.963164170010586,99.66449378879632,0.0,0.0,0.0,0.0,0.0,1.973399165356142,99.92239711084626,0,0.0
0.5234375,0.5234375,0.7421875,0.765625,0.7890625,0.7890625,0.0,0.0,0.0,0.0,0.0,0.0,0.0,0.0,0.0,0.0,0.0,0.0,0.0,74.85273509868617,74.85273509868617,74.85273509868617,0.0,0.0,0.0,1.97602071899308,99.66449378879632,0.0,0.0,0.0,0.0,0.0,2.004957564194849,99.98319324609264,0,0.0
0.5234375,0.5234375,0.7421875,0.765625,0.7890625,0.7890625,0.0,0.0,0.0,0.0,0.0,0.0,0.0,0.0,0.0,0.0,0.0,0.0,0.0,75.17826922676298,74.85273509868617,74.85273509868617,0.0,0.0,0.0,1.9748166602227215,99.66449378879632,0.0,0.0,0.0,0.0,0.0,2.0130048180219435,99.98319324609264,0,0.0
0.5234375,0.5234375,0.7421875,0.765625,0.7890625,0.7890625,0.0,0.0,0.0,0.0,0.0,0.0,0.0,0.0,0.0,0.0,0.0,0.0,0.0,74.85273509868617,74.85273509868617,75.11542730952502,0.0,0.0,0.0,1.9815832504634152,99.64105001732902,0.0,0.0,0.0,0.0,0.0,1.967098966463937,99.51764559099288,0,0.0
0.5234375,0.5234375,0.7421875,0.765625,0.7890625,0.7890625,0.0,0.0,0.0,0.0,0.0,0.0,0.0,0.0,0.0,0.0,0.0,0.0,0.0,74.85273509868617,74.85273509868617,74.85273509868617,0.0,0.0,0.0,1.9841355673598435,99.64105001732902,0.0,0.0,0.0,0.0,0.0,2.004957564194849,99.98319324609264,0,0.0
0.5234375,0.5234375,0.7421875,0.765625,0.7890625,0.7890625,0.0,0.0,0.0,0.0,0.0,0.0,0.0,0.0,0.0,0.0,0.0,0.0,0.0,75.11542730952502,75.11542730952502,74.85273509868617,0.0,0.0,0.0,1.9815832504634152,99.64105001732902,0.0,0.0,0.0,0.0,0.0,2.008469413706861,99.98319324609264,0,0.0
0.5234375,0.5234375,0.7421875,0.765625,0.7890625,0.7890625,0.0,0.0,0.0,0.0,0.0,0.0,0.0,0.0,0.0,0.0,0.0,0.0,0.0,74.85273509868617,74.85273509868617,75.17826922676298,0.0,0.0,0.0,1.964020461350364,99.64105001732902,0.0,0.0,0.0,0.0,0.0,2.004957564194849,99.98319324609264,0,0.0
0.5234375,0.5234375,0.7421875,0.765625,0.7890625,0.7890625,0.0,0.0,0.0,0.0,0.0,0.0,0.0,0.0,0.0,0.0,0.0,0.0,0.0,74.85273509868617,74.85273509868617,74.85273509868617,0.0,0.0,0.0,1.9865840692232437,99.64105001732902,0.0,0.0,0.0,0.0,0.0,1.986723676340672,99.98319324609264,0,0.0
0.5234375,0.5234375,0.7421875,0.765625,0.7890625,0.7890625,0.0,0.0,0.0,0.0,0.0,0.0,0.0,0.0,0.0,0.0,0.0,0.0,0.0,74.85273509868617,75.17826922676298,74.85273509868617,0.0,0.0,0.0,1.9841355673598435,99.64105001732902,0.0,0.0,0.0,0.0,0.0,2.004957564194849,99.98319324609264,0,0.0
0.5234375,0.5234375,0.7421875,0.765625,0.7890625,0.7890625,0.0,0.0,0.0,0.0,0.0,0.0,0.0,0.0,0.0,0.0,0.0,0.0,0.0,74.85273509868617,74.85273509868617,75.17826922676298,0.0,0.0,0.0,1.9841355673598435,99.64105001732902,0.0,0.0,0.0,0.0,0.0,2.0130048180219435,99.98319324609264,0,0.0
0.5234375,0.5234375,0.7421875,0.765625,0.7890625,0.7890625,0.0,0.0,0.0,0.0,0.0,0.0,0.0,0.0,0.0,0.0,0.0,0.0,0.0,74.85273509868617,74.85273509868617,74.85273509868617,0.0,0.0,0.0,2.0037279933650773,99.72072488482802,0.0,0.0,0.0,0.0,0.0,2.018331809831399,99.98319324609264,0,0.0
0.5234375,0.5234375,0.7421875,0.765625,0.7890625,0.7890625,0.0,0.0,0.0,0.0,0.0,0.0,0.0,0.0,0.0,0.0,0.0,0.0,0.0,75.11542730952502,74.85273509868617,74.85273509868617,0.0,0.0,0.0,1.964020461350364,99.72072488482802,0.0,0.0,0.0,0.0,0.0,2.018331809831399,99.98319324609264,0,0.0
0.5234375,0.5234375,0.7421875,0.765625,0.7890625,0.7890625,0.0,0.0,0.0,0.0,0.0,0.0,0.0,0.0,0.0,0.0,0.0,0.0,0.0,74.85273509868617,74.85273509868617,74.85273509868617,0.0,0.0,0.0,1.9815832504634152,99.64105001732902,0.0,0.0,0.0,0.0,0.0,1.9698974397502145,99.51764559099288,0,0.0
0.5234375,0.5234375,0.7421875,0.765625,0.7890625,0.7890625,0.0,0.0,0.0,0.0,0.0,0.0,0.0,0.0,0.0,0.0,0.0,0.0,0.0,74.85273509868617,74.85273509868617,74.85273509868617,0.0,0.0,0.0,1.9841355673598435,99.64105001732902,0.0,0.0,0.0,0.0,0.0,2.018331809831399,99.5351823802345,0,0.0
0.5234375,0.5234375,0.7421875,0.765625,0.7890625,0.7890625,0.0,0.0,0.0,0.0,0.0,0.0,0.0,0.0,0.0,0.0,0.0,0.0,0.0,75.11542730952502,74.85273509868617,75.11542730952502,0.0,0.0,0.0,1.9841355673598435,99.64105001732902,0.0,0.0,0.0,0.0,0.0,2.018331809831399,99.5351823802345,0,0.0
0.5234375,0.5234375,0.7421875,0.765625,0.7890625,0.7890625,0.0,0.0,0.0,0.0,0.0,0.0,0.0,0.0,0.0,0.0,0.0,0.0,0.0,74.85273509868617,74.85273509868617,74.85273509868617,0.0,0.0,0.0,1.9841355673598435,99.64105001732902,0.0,0.0,0.0,0.0,0.0,2.018331809831399,99.5351823802345,0,0.0
0.5234375,0.5234375,0.7421875,0.765625,0.7890625,0.7890625,0.0,0.0,0.0,0.0,0.0,0.0,0.0,0.0,0.0,0.0,0.0,0.0,0.0,74.85273509868617,75.17826922676298,74.85273509868617,0.0,0.0,0.0,1.9815832504634152,99.64105001732902,0.0,0.0,0.0,0.0,0.0,2.018331809831399,99.51764559099288,0,0.0
0.5234375,0.5234375,0.7421875,0.765625,0.7890625,0.7890625,0.0,0.0,0.0,0.0,0.0,0.0,0.0,0.0,0.0,0.0,0.0,0.0,0.0,75.17826922676298,74.85273509868617,74.85273509868617,0.0,0.0,0.0,1.9855261009331724,99.64105001732902,0.0,0.0,0.0,0.0,0.0,2.0030597458505164,99.51764559099288,0,0.0
0.5234375,0.5234375,0.7421875,0.765625,0.7890625,0.7890625,0.0,0.0,0.0,0.0,0.0,0.0,0.0,0.0,0.0,0.0,0.0,0.0,0.0,74.85273509868617,74.85273509868617,74.85273509868617,0.0,0.0,0.0,2.0037279933650773,99.72072488482802,0.0,0.0,0.0,0.0,0.0,1.967098966463937,99.51764559099288,0,0.0
0.5234375,0.5234375,0.7421875,0.765625,0.7890625,0.7890625,0.0,0.0,0.0,0.0,0.0,0.0,0.0,0.0,0.0,0.0,0.0,0.0,0.0,74.85273509868617,74.85273509868617,74.85273509868617,0.0,0.0,0.0,1.9811176476621128,99.72072488482802,0.0,0.0,0.0,0.0,0.0,1.9622128850726703,99.98319324609264,0,0.0
0.5234375,0.5234375,0.7421875,0.765625,0.7890625,0.7890625,0.0,0.0,0.0,0.0,0.0,0.0,0.0,0.0,0.0,0.0,0.0,0.0,0.0,74.85273509868617,74.85273509868617,74.85273509868617,0.0,0.0,0.0,2.00447232598108,99.72072488482802,0.0,0.0,0.0,0.0,0.0,1.967098966463937,99.51764559099288,0,0.0
0.5234375,0.5234375,0.7421875,0.765625,0.7890625,0.7890625,0.0,0.0,0.0,0.0,0.0,0.0,0.0,0.0,0.0,0.0,0.0,0.0,0.0,75.11249890127431,74.97202770650127,75.11249890127431,0.0,0.0,0.0,2.026561987923504,99.72072488482802,0.0,0.0,0.0,0.0,0.0,1.9842917803053608,99.51764559099288,0,0.0
0.5234375,0.5234375,0.7421875,0.765625,0.7890625,0.7890625,0.0,0.0,0.0,0.0,0.0,0.0,0.0,0.0,0.0,0.0,0.0,0.0,0.0,75.11249890127431,75.11249890127431,74.97202770650127,0.0,0.0,0.0,1.9650394902503887,99.72072488482802,0.0,0.0,0.0,0.0,0.0,2.01675172616515,99.81538982622278,0,0.0
0.5234375,0.5234375,0.7421875,0.765625,0.7890625,0.7890625,0.0,0.0,0.0,0.0,0.0,0.0,0.0,0.0,0.0,0.0,0.0,0.0,0.0,75.11249890127431,75.11249890127431,75.11249890127431,-2.033928909692243,2.4793521792042106,-0.2211070537869861,1.988559520830509,99.72072488482802,0.0,-0.6159842880061767,0.0,0.0,0.0,1.993996549330949,99.5461825799203,0,0.0
0.5234375,0.5234375,0.7421875,0.765625,0.7890625,0.7890625,0.0,0.0,0.0,0.0,0.0,0.0,0.0,0.0,0.0,0.0,0.0,0.0,0.0,75.11249890127431,75.11249890127431,75.11249890127431,-4.8663473871239,6.284632769682614,-2.889562972814889,2.016182412838118,99.72072488482802,0.0,2.5325979536799843,0.0,0.0,0.0,1.9787277968823689,99.5461825799203,0,0.0
0.5234375,0.5234375,0.7421875,0.765625,0.7890625,0.7890625,0.0,0.0,0.0,0.0,0.0,0.0,0.0,0.0,0.0,0.0,0.0,0.0,0.0,75.11249890127431,75.11249890127431,75.11249890127431,-4.197131153865426,6.213705348622528,-4.159294968712217,1.988559520830509,99.72072488482802,0.0,4.588985410957376,0.0,0.0,0.0,1.9952313997991824,99.5461825799203,0,0.0
0.5234375,0.5234375,0.7421875,0.765625,0.7890625,0.7890625,0.0,0.0,0.0,0.0,0.0,0.0,0.0,0.0,0.0,0.0,0.0,0.0,0.0,75.11249890127431,75.11249890127431,75.11249890127431,-2.953913067446523,5.065311749288366,-5.101939520217414,2.0250589673817525,99.72072488482802,0.0,6.242682114479139,0.0,0.0,0.0,2.016403686759877,99.82474150007464,0,0.0
0.5234375,0.5234375,0.7421875,0.765625,0.7890625,0.7890625,0.0,0.0,0.0,0.0,0.0,0.0,0.0,0.0,0.0,0.0,0.0,0.0,0.0,75.11249890127431,75.11249890127431,75.11249890127431,-1.6496116594815642,3.323177291820301,-5.7028579939793005,1.9951652938654063,99.72072488482802,0.0,7.199756169097303,0.0,0.0,0.0,2.016403686759877,99.82474150007464,0,0.0
0.5234375,0.5234375,0.7421875,0.765625,0.7890625,0.7890625,0.0,0.0,0.0,0.0,0.0,0.0,0.0,0.0,0.0,0.0,0.0,0.0,0.0,75.11249890127431,74.91367589842135,75.11249890127431,-0.2119394446352937,1.020899066936165,-4.070208195029538,2.0036151334374006,99.72072488482802,0.0,5.0372258421284535,0.0,0.0,0.0,1.9952313997991824,99.82474150007464,0,0.0
0.5234375,0.5234375,0.7421875,0.765625,0.7890625,0.7890625,0.0,0.0,0.0,0.0,0.0,0.0,0.0,0.0,0.0,0.0,0.0,0.0,0.0,75.11249890127431,75.11249890127431,74.97202770650127,2.0024091670742106,-2.648726652880981,-1.7234964745228682,1.999983736720608,99.72072488482802,89.72072488482802,2.047214325968817,0.0,0.0,0.0,1.9787277968823689,99.82474150007464,0,0.0
0.5234375,0.5234375,0.7421875,0.765625,0.7890625,0.7890625,0.0,0.0,0.0,0.0,0.0,0.0,0.0,0.0,0.0,0.0,0.0,0.0,0.0,74.97202770650127,75.11249890127431,75.11249890127431,3.464437986229753,-4.604617585340743,-2.9662395877358545,1.949627992368443,99.72072488482802,89.72072488482802,3.5554191708038005,0.0,0.0,0.0,1.9980299358790812,99.82474150007464,0,0.0
0.5234375,0.5234375,0.7421875,0.765625,0.7890625,0.7890625,0.0,0.0,0.0,0.0,0.0,0.0,0.0,0.0,0.0,0.0,0.0,0.0,0.0,75.11249890127431,74.91367589842135,75.11249890127431,0.0,0.0,0.0,1.949627992368443,99.72072488482802,89.72072488482802,0.0,0.0,0.0,0.0,2.011056140656168,99.82474150007464,0,0.0
0.5234375,0.5234375,0.7421875,0.765625,0.7890625,0.7890625,0.0,0.0,0.0,0.0,0.0,0.0,0.0,0.0,0.0,0.0,0.0,0.0,0.0,75.11249890127431,75.11249890127431,75.11249890127431,0.0,0.0,0.0,1.988559520830509,99.72072488482802,89.72072488482802,0.0,0.0,0.0,0.0,2.0083440095593232,99.82474150007464,0,0.0
0.5234375,0.5234375,0.7421875,0.765625,0.7890625,0.7890625,0.0,0.0,0.0,0.0,0.0,0.0,0.0,0.0,0.0,0.0,0.0,0.0,0.0,75.11249890127431,75.11249890127431,75.11249890127431,-1.4454099081386609,1.4201193001834944,1.1999606175820705,1.988559520830509,99.58155324610544,89.54563542524333,-1.3862345583091813,0.0,0.0,0.0,1.993996549330949,99.5461825799203,0,0.0
0.5078125,0.5,0.7421875,0.765625,0.7890625,0.7890625,0.0,0.0,0.0,0.0,0.0,0.0,0.0,0.0,0.0,0.0,0.0,0.0,0.0,75.11249890127431,74.97202770650127,74.91367589842135,-4.16426339242862,4.629612525085592,3.192773573882785,1.965597389778104,99.60516754255995,89.41488061513809,-3.6076887734046568,0.0,0.0,0.0,2.0141767177933385,99.7179760255777,0,0.0
0.5078125,0.5,0.7421875,0.765625,0.7890625,0.7890625,0.0,0.0,0.0,0.0,0.0,0.0,0.0,0.0,0.0,0.0,0.0,0.0,0.0,75.11249890127431,75.11249890127431,75.11249890127431,-0.5066031249769075,0.3141736488141864,2.284198195723407,1.988559520830509,99.58155324610544,89.54563542524333,-2.6909347769838243,0.0,0.0,0.0,1.993996549330949,99.5461825799203,0,0.0
0.5078125,0.5,0.7421875,0.765625,0.7890625,0.7890625,0.0,0.0,0.0,0.0,0.0,0.0,0.0,0.0,0.0,0.0,0.0,0.0,0.0,75.11249890127431,75.11249890127431,75.11249890127431,1.3135134715526702,-2.203779466481964,5.512253915671282,2.016182412838118,99.58155324610544,89.54563542524333,-6.8656867484691295,0.0,0.0,0.0,1.9928068323892003,99.5461825799203,0,0.0
0.5078125,0.5,0.7421875,0.765625,0.7890625,0.7890625,0.0,0.0,0.0,0.0,0.0,0.0,0.0,0.0,0.0,0.0,0.0,0.0,0.0,75.11249890127431,75.11249890127431,75.11249890127431,2.657548091409238,-4.127439255814507,5.231768386131597,2.0036151334374006,99.58155324610544,89.54563542524333,-6.722947943282015,0.0,0.0,0.0,2.00562848628498,99.5461825799203,0,0.0
0.5078125,0.5,0.7421875,0.765625,0.7890625,0.7890625,0.0,0.0,0.0,0.0,0.0,0.0,0.0,0.0,0.0,0.0,0.0,0.0,0.0,74.97202770650127,75.11249890127431,75.11249890127431,3.894651438757701,-5.648993859484756,4.350059231313501,2.016182412838118,99.58155324610544,89.54563542524333,-5.524582820555681,0.0,0.0,0.0,1.9928068323892003,99.5461825799203,0,0.0
0.5078125,0.5,0.7421875,0.765625,0.7890625,0.7890625,0.0,0.0,0.0,0.0,0.0,0.0,0.0,0.0,0.0,0.0,0.0,0.0,0.0,75.11249890127431,75.11249890127431,74.91367589842135,4.898454467717761,-6.496904509493053,3.206607470302918,1.9951652938654063,99.58155324610544,89.54563542524333,-3.736213319411403,0.0,0.0,0.0,2.016403686759877,99.82474150007464,0,0.0
0.5078125,0.5,0.7421875,0.765625,0.7890625,0.7890625,0.0,0.0,0.0,0.0,0.0,0.0,0.0,0.0,0.0,0.0,0.0,0.0,0.0,75.11249890127431,75.11249890127431,75.11249890127431,3.433058221793146,-4.308129467166957,1.751917976300409,1.988559520830509,99.58155324610544,89.54563542524333,-1.3937598079873637,0.0,0.0,0.0,2.016403686759877,99.82474150007464,0,0.0
0.5078125,0.5,0.7421875,0.765625,0.7890625,0.7890625,0.0,0.0,0.0,0.0,0.0,0.0,0.0,0.0,0.0,0.0,0.0,0.0,0.0,74.9264244556374,74.94761519823317,74.91410012408967,0.9959136040551146,-1.1386928288405784,-1.1139402167423882,2.013173171229897,99.58155324610544,89.54563542524333,1.600362172062388,0.0,0.0,0.0,2.0090861574646803,99.59970326139546,0,0.0
0.5078125,0.5,0.7421875,0.765625,0.7890625,0.7890625,0.0,0.0,0.0,0.0,0.0,0.0,0.0,0.0,0.0,0.0,0.0,0.0,0.0,74.9264244556374,74.9264244556374,74.9264244556374,3.279529775945274,-3.579373891284161,-4.422452736038125,1.980520766025408,99.58155324610544,89.54563542524333,5.278171513067262,0.0,0.0,0.0,2.0090861574646803,99.59970326139546,0,0.0
0.5078125,0.5,0.7421875,0.765625,0.7890625,0.7890625,0.0,0.0,0.0,0.0,0.0,0.0,0.0,0.0,0.0,0.0,0.0,0.0,0.0,74.9264244556374,74.9264244556374,74.9264244556374,0.814330857563418,-0.947176921679715,-0.8764741705460865,2.0005013300075256,99.58155324610544,89.54563542524333,1.3530041597857123,0.0,0.0,0.0,1.9783168978665244,99.59970326139546,0,0.0
0.5078125,0.5,0.7421875,0.765625,0.7890625,0.7890625,0.0,0.0,0.0,0.0,0.0,0.0,0.0,0.0,0.0,0.0,0.0,0.0,0.0,74.9264244556374,74.9264244556374,74.9264244556374,0.0,0.0,0.0,1.9992004990210863,99.57563769658826,0.0,0.0,0.0,0.0,0.0,2.028676131215779,99.59970326139546,0,0.0
0.5078125,0.5,0.7421875,0.765625,0.7890625,0.7890625,0.0,0.0,0.0,0.0,0.0,0.0,0.0,0.0,0.0,0.0,0.0,0.0,0.0,74.94761519823317,74.9264244556374,74.9264244556374,0.0,0.0,0.0,2.005647448271309,99.57563769658826,0.0,0.0,0.0,0.0,0.0,1.983424337968816,99.59970326139546,0,0.0
0.5078125,0.5,0.7421875,0.765625,0.7890625,0.7890625,0.0,0.0,0.0,0.0,0.0,0.0,0.0,0.0,0.0,0.0,0.0,0.0,0.0,74.9264244556374,74.9264244556374,74.94761519823317,-1.5101640455025631,1.6276266530238008,1.885983977822193,2.013173171229897,99.57563769658826,0.0,-2.0434525412886035,0.0,0.0,0.0,2.0090861574646803,99.59970326139546,0,0.0
0.5078125,0.5,0.7421875,0.765625,0.7890625,0.7890625,0.0,0.0,0.0,0.0,0.0,0.0,0.0,0.0,0.0,0.0,0.0,0.0,0.0,74.9264244556374,74.9264244556374,74.9264244556374,-3.162087562229797,3.3364318096338383,4.480507039416667,2.007916563496964,99.57563769658826,0.0,-4.9868376177223,0.0,0.0,0.0,1.9667529883836896,99.59970326139546,0,0.0
0.5078125,0.5,0.7421875,0.765625,0.7890625,0.7890625,0.0,0.0,0.0,0.0,0.0,0.0,0.0,0.0,0.0,0.0,0.0,0.0,0.0,74.9264244556374,74.9264244556374,74.9264244556374,0.0,0.0,0.0,1.9992004990210863,99.85912954650152,0.0,0.0,0.0,0.0,0.0,1.9783168978665244,99.59970326139546,0,0.0
0.5078125,0.5,0.7421875,0.765625,0.7890625,0.7890625,0.0,0.0,0.0,0.0,0.0,0.0,0.0,0.0,0.0,0.0,0.0,0.0,0.0,74.94761519823317,74.9264244556374,74.9264244556374,0.0,0.0,0.0,2.0390838594045912,99.85912954650152,0.0,0.0,0.0,0.0,0.0,1.9814152984711264,99.59970326139546,0,0.0
0.5078125,0.5,0.7421875,0.765625,0.7890625,0.7890625,0.0,0.0,0.0,0.0,0.0,0.0,0.0,0.0,0.0,0.0,0.0,0.0,0.0,74.9264244556374,74.9264244556374,74.9264244556374,0.0,0.0,0.0,1.9908312531873968,99.85912954650152,0.0,0.0,0.0,0.0,0.0,2.0127003468889177,99.59970326139546,0,0.0
0.5078125,0.5,0.7421875,0.765625,0.7890625,0.7890625,0.0,0.0,0.0,0.0,0.0,0.0,0.0,0.0,0.0,0.0,0.0,0.0,0.0,74.9264244556374,74.9264244556374,74.94761519823317,0.0,0.0,0.0,1.9992004990210863,99.57563769658826,0.0,0.0,0.0,0.0,0.0,2.0257694059690805,99.59970326139546,0,0.0
0.5078125,0.5,0.7421875,0.765625,0.7890625,0.7890625,0.0,0.0,0.0,0.0,0.0,0.0,0.0,0.0,0.0,0.0,0.0,0.0,0.0,74.9264244556374,74.9264244556374,74.9264244556374,0.0,0.0,0.0,2.011784591128948,99.57563769658826,0.0,0.0,0.0,0.0,0.0,1.9713979973329687,99.59970326139546,0,0.0
0.5078125,0.5,0.7421875,0.765625,0.7890625,0.7890625,0.0,0.0,0.0,0.0,0.0,0.0,0.0,0.0,0.0,0.0,0.0,0.0,0.0,74.9264244556374,74.9264244556374,74.9264244556374,0.0,0.0,0.0,1.9908312531873968,99.66125512895928,0.0,0.0,0.0,0.0,0.0,2.0193925137958204,99.59970326139546,0,0.0
0.5078125,0.5,0.7421875,0.765625,0.7890625,0.7890625,0.0,0.0,0.0,0.0,0.0,0.0,0.0,0.0,0.0,0.0,0.0,0.0,0.0,74.9264244556374,74.9264244556374,74.9264244556374,0.0,0.0,0.0,1.9908312531873968,99.66125512895928,0.0,0.0,0.0,0.0,0.0,1.9713979973329687,99.59970326139546,0,0.0
0.5078125,0.5,0.7421875,0.765625,0.7890625,0.7890625,0.0,0.0,0.0,0.0,0.0,0.0,0.0,0.0,0.0,0.0,0.0,0.0,0.0,74.9264244556374,74.9264244556374,74.9264244556374,0.0,0.0,0.0,1.9908312531873968,99.66125512895928,0.0,0.0,0.0,0.0,0.0,2.028676131215779,99.59970326139546,0,0.0
0.5078125,0.5,0.7421875,0.765625,0.7890625,0.7890625,0.0,0.0,0.0,0.0,0.0,0.0,0.0,0.0,0.0,0.0,0.0,0.0,0.0,74.94761519823317,74.91410012408967,74.9264244556374,0.0,0.0,0.0,1.9933969791548825,99.81778536124388,0.0,0.0,0.0,0.0,0.0,1.9814152984711264,99.59970326139546,0,0.0
0.5078125,0.5,0.7421875,0.765625,0.7890625,0.7890625,0.0,0.0,0.0,0.0,0.0,0.0,0.0,0.0,0.0,0.0,0.0,0.0,0.0,74.9264244556374,74.9264244556374,74.9264244556374,0.0,0.0,0.0,1.988544480006574,99.81778536124388,0.0,0.0,0.0,0.0,0.0,1.9895698586284007,99.59970326139546,0,0.0
0.5078125,0.5,0.7421875,0.765625,0.7890625,0.7890625,0.0,0.0,0.0,0.0,0.0,0.0,0.0,0.0,0.0,0.0,0.0,0.0,0.0,74.9264244556374,74.9264244556374,74.94761519823317,0.0,0.0,0.0,2.011784591128948,99.81778536124388,0.0,0.0,0.0,0.0,0.0,2.0127003468889177,99.59970326139546,0,0.0
0.5078125,0.5,0.7421875,0.765625,0.7890625,0.7890625,0.0,0.0,0.0,0.0,0.0,0.0,0.0,0.0,0.0,0.0,0.0,0.0,0.0,74.9264244556374,74.9264244556374,74.9264244556374,0.0,0.0,0.0,2.011784591128948,99.81778536124388,0.0,0.0,0.0,0.0,0.0,1.9814152984711264,99.59970326139546,0,0.0
0.5078125,0.5,0.7421875,0.765625,0.7890625,0.7890625,0.0,0.0,0.0,0.0,0.0,0.0,0.0,0.0,0.0,0.0,0.0,0.0,0.0,74.94761519823317,74.94761519823317,74.9264244556374,0.0,0.0,0.0,1.9992004990210863,99.85912954650152,0.0,0.0,0.0,0.0,0.0,2.028676131215779,99.59970326139546,0,0.0
0.5078125,0.5,0.7421875,0.765625,0.7890625,0.7890625,0.0,0.0,0.0,0.0,0.0,0.0,0.0,0.0,0.0,0.0,0.0,0.0,0.0,75.22696623812705,75.22696623812705,75.22696623812705,0.0,0.0,0.0,2.008150408221314,99.85912954650152,0.0,0.0,0.0,0.0,0.0,2.0157803066524083,99.78505219856903,0,0.0
0.5078125,0.5,0.7421875,0.765625,0.7890625,0.7890625,0.0,0.0,0.0,0.0,0.0,0.0,0.0,0.0,0.0,0.0,0.0,0.0,0.0,75.22696623812705,75.22696623812705,75.22696623812705,0.0,0.0,0.0,2.0158096304465234,99.85912954650152,0.0,0.0,0.0,0.0,0.0,2.01972686021086,99.78505219856903,0,0.0
0.5078125,0.5,0.7421875,0.765625,0.7890625,0.7890625,0.0,0.0,0.0,0.0,0.0,0.0,0.0,0.0,0.0,0.0,0.0,0.0,0.0,75.26738240034467,75.22696623812705,75.17939333683324,0.0,0.0,0.0,1.984812813368081,99.72914358671544,0.0,0.0,0.0,0.0,0.0,1.9907146561149,99.67012284614832,0,0.0
0.5078125,0.5,0.7421875,0.765625,0.7890625,0.7890625,0.0,0.0,0.0,0.0,0.0,0.0,0.0,0.0,0.0,0.0,0.0,0.0,0.0,75.22696623812705,75.22696623812705,75.22696623812705,0.0,0.0,0.0,1.963442936729008,99.72914358671544,0.0,0.0,0.0,0.0,0.0,1.99483475342782,99.67012284614832,0,0.0
0.5078125,0.5,0.7421875,0.765625,0.7890625,0.7890625,0.0,0.0,0.0,0.0,0.0,0.0,0.0,0.0,0.0,0.0,0.0,0.0,0.0,75.22696623812705,75.22696623812705,75.17939333683324,0.0,0.0,0.0,1.963442936729008,99.72914358671544,0.0,0.0,0.0,0.0,0.0,1.9907146561149,99.67012284614832,0,0.0
0.5078125,0.5,0.7421875,0.765625,0.7890625,0.7890625,0.0,0.0,0.0,0.0,0.0,0.0,0.0,0.0,0.0,0.0,0.0,0.0,0.0,75.22696623812705,75.22696623812705,75.22696623812705,0.0,0.0,0.0,1.963442936729008,99.72914358671544,0.0,0.0,0.0,0.0,0.0,1.9907146561149,99.67012284614832,0,0.0
0.5078125,0.5,0.7421875,0.765625,0.7890625,0.7890625,0.0,0.0,0.0,0.0,0.0,0.0,0.0,0.0,0.0,0.0,0.0,0.0,0.0,75.22696623812705,75.17939333683324,75.22696623812705,0.0,0.0,0.0,1.963442936729008,99.72914358671544,0.0,0.0,0.0,0.0,0.0,1.9907146561149,99.67012284614832,0,0.0
0.5078125,0.5,0.7421875,0.765625,0.7890625,0.7890625,0.0,0.0,0.0,0.0,0.0,0.0,0.0,0.0,0.0,0.0,0.0,0.0,0.0,75.22696623812705,75.22696623812705,75.22696623812705,0.0,0.0,0.0,1.9768270530550445,99.72914358671544,0.0,0.0,0.0,0.0,0.0,1.99483475342782,99.67012284614832,0,0.0
0.5078125,0.5,0.7421875,0.765625,0.7890625,0.7890625,0.0,0.0,0.0,0.0,0.0,0.0,0.0,0.0,0.0,0.0,0.0,0.0,0.0,75.22696623812705,75.22696623812705,75.22696623812705,0.0,0.0,0.0,2.0158096304465234,99.72914358671544,0.0,0.0,0.0,0.0,0.0,1.9907146561149,99.67012284614832,0,0.0
0.5078125,0.5,0.7421875,0.765625,0.7890625,0.7890625,0.0,0.0,0.0,0.0,0.0,0.0,0.0,0.0,0.0,0.0,0.0,0.0,0.0,75.22696623812705,75.22696623812705,75.22696623812705,0.0,0.0,0.0,2.008150408221314,99.96263285419298,0.0,0.0,0.0,0.0,0.0,2.0330609729065445,99.67012284614832,0,0.0
0.5078125,0.5,0.7421875,0.765625,0.7890625,0.7890625,0.0,0.0,0.0,0.0,0.0,0.0,0.0,0.0,0.0,0.0,0.0,0.0,0.0,75.22696623812705,75.22696623812705,75.22696623812705,0.0,0.0,0.0,2.0158096304465234,99.96263285419298,0.0,0.0,0.0,0.0,0.0,1.9907146561149,99.67012284614832,0,0.0
0.5078125,0.5,0.7421875,0.765625,0.7890625,0.7890625,0.0,0.0,0.0,0.0,0.0,0.0,0.0,0.0,0.0,0.0,0.0,0.0,0.0,75.22696623812705,75.22696623812705,75.22696623812705,0.0,0.0,0.0,1.963442936729008,99.96263285419298,0.0,0.0,0.0,0.0,0.0,1.9907146561149,99.67012284614832,0,0.0
0.5078125,0.5,0.7421875,0.765625,0.7890625,0.7890625,0.0,0.0,0.0,0.0,0.0,0.0,0.0,0.0,0.0,0.0,0.0,0.0,0.0,75.22696623812705,75.22696623812705,75.22696623812705,0.0,0.0,0.0,1.970756999455486,99.82503272541425,0.0,0.0,0.0,0.0,0.0,1.9907146561149,99.67012284614832,0,0.0
0.4921875,0.5234375,0.7421875,0.765625,0.7890625,0.7890625,0.0,0.0,0.0,0.0,0.0,0.0,0.0,0.0,0.0,0.0,0.0,0.0,0.0,75.22696623812705,75.17939333683324,75.17939333683324,0.0,0.0,0.0,1.963442936729008,99.82503272541425,0.0,0.0,0.0,0.0,0.0,1.9907146561149,99.67012284614832,0,0.0
0.4921875,0.5234375,0.7421875,0.765625,0.7890625,0.7890625,0.0,0.0,0.0,0.0,0.0,0.0,0.0,0.0,0.0,0.0,0.0,0.0,0.0,75.22696623812705,75.22696623812705,75.22696623812705,0.0,0.0,0.0,2.0158096304465234,99.82503272541425,0.0,0.0,0.0,0.0,0.0,2.01972686021086,99.67012284614832,0,0.0
0.4921875,0.5234375,0.7421875,0.765625,0.7890625,0.7890625,0.0,0.0,0.0,0.0,0.0,0.0,0.0,0.0,0.0,0.0,0.0,0.0,0.0,75.22696623812705,75.22696623812705,75.22696623812705,0.0,0.0,0.0,1.9768270530550445,99.72914358671544,0.0,0.0,0.0,0.0,0.0,2.0157803066524083,99.78505219856903,0,0.0
0.4921875,0.5234375,0.7421875,0.765625,0.7890625,0.7890625,0.0,0.0,0.0,0.0,0.0,0.0,0.0,0.0,0.0,0.0,0.0,0.0,0.0,75.17939333683324,75.17939333683324,75.22696623812705,0.0,0.0,0.0,1.963442936729008,99.72914358671544,0.0,0.0,0.0,0.0,0.0,2.0157803066524083,99.78505219856903,0,0.0
0.4921875,0.5234375,0.7421875,0.765625,0.7890625,0.7890625,0.0,0.0,0.0,0.0,0.0,0.0,0.0,0.0,0.0,0.0,0.0,0.0,0.0,75.22696623812705,75.22696623812705,75.22696623812705,0.0,0.0,0.0,1.970756999455486,99.72914358671544,0.0,0.0,0.0,0.0,0.0,2.01972686021086,99.78505219856903,0,0.0
0.4921875,0.5234375,0.7421875,0.765625,0.7890625,0.7890625,0.0,0.0,0.0,0.0,0.0,0.0,0.0,0.0,0.0,0.0,0.0,0.0,0.0,75.22696623812705,75.22696623812705,75.22696623812705,0.0,0.0,0.0,1.963442936729008,99.72914358671544,0.0,0.0,0.0,0.0,0.0,1.9907146561149,99.78505219856903,0,0.0
0.4921875,0.5234375,0.7421875,0.765625,0.7890625,0.7890625,0.0,0.0,0.0,0.0,0.0,0.0,0.0,0.0,0.0,0.0,0.0,0.0,0.0,75.17939333683324,75.22696623812705,75.22696623812705,0.0,0.0,0.0,2.0158096304465234,99.72914358671544,0.0,0.0,0.0,0.0,0.0,1.9907146561149,99.78505219856903,0,0.0
0.4921875,0.5234375,0.7421875,0.765625,0.7890625,0.7890625,0.0,0.0,0.0,0.0,0.0,0.0,0.0,0.0,0.0,0.0,0.0,0.0,0.0,74.87155913765935,74.87155913765935,75.07165352520664,0.0,0.0,0.0,1.971533227125715,99.87569751499888,0.0,0.0,0.0,0.0,0.0,2.0158438821173608,99.80634331239388,0,0.0
0.4921875,0.5234375,0.7421875,0.765625,0.7890625,0.7890625,0.0,0.0,0.0,0.0,0.0,0.0,0.0,0.0,0.0,0.0,0.0,0.0,0.0,74.87155913765935,74.87155913765935,74.87155913765935,0.0,0.0,0.0,1.971533227125715,99.87569751499888,0.0,0.0,0.0,0.0,0.0,2.005453003507118,99.80634331239388,0,0.0
0.4921875,0.5234375,0.7421875,0.765625,0.7890625,0.7890625,0.0,0.0,0.0,0.0,0.0,0.0,0.0,0.0,0.0,0.0,0.0,0.0,0.0,74.87155913765935,74.87155913765935,74.87155913765935,0.0,0.0,0.0,2.000067013865013,99.87569751499888,0.0,0.0,0.0,0.0,0.0,2.0158438821173608,99.80634331239388,0,0.0
0.4921875,0.5234375,0.7421875,0.765625,0.7890625,0.7890625,0.0,0.0,0.0,0.0,0.0,0.0,0.0,0.0,0.0,0.0,0.0,0.0,0.0,75.07165352520664,74.87155913765935,75.07165352520664,0.0,0.0,0.0,2.000184716505549,99.87569751499888,0.0,0.0,0.0,0.0,0.0,2.005453003507118,99.80634331239388,0,0.0
0.4921875,0.5234375,0.7421875,0.765625,0.7890625,0.7890625,0.0,0.0,0.0,0.0,0.0,0.0,0.0,0.0,0.0,0.0,0.0,0.0,0.0,74.87155913765935,75.05833772389057,74.87155913765935,0.0,0.0,0.0,2.000067013865013,99.5726413907847,0.0,0.0,0.0,0.0,0.0,1.9941237041424391,99.80634331239388,0,0.0
0.4921875,0.5234375,0.7421875,0.765625,0.7890625,0.7890625,0.0,0.0,0.0,0.0,0.0,0.0,0.0,0.0,0.0,0.0,0.0,0.0,0.0,74.87155913765935,74.87155913765935,74.87155913765935,0.0,0.0,0.0,2.000067013865013,99.5726413907847,0.0,0.0,0.0,0.0,0.0,2.005453003507118,99.80634331239388,0,0.0
0.4921875,0.5234375,0.7421875,0.765625,0.7890625,0.7890625,0.0,0.0,0.0,0.0,0.0,0.0,0.0,0.0,0.0,0.0,0.0,0.0,0.0,74.87155913765935,74.87155913765935,75.07165352520664,0.0,0.0,0.0,1.971533227125715,99.87569751499888,0.0,0.0,0.0,0.0,0.0,2.005453003507118,99.80634331239388,0,0.0
0.4921875,0.5234375,0.7421875,0.765625,0.7890625,0.7890625,0.0,0.0,0.0,0.0,0.0,0.0,0.0,0.0,0.0,0.0,0.0,0.0,0.0,74.87155913765935,74.87155913765935,74.87155913765935,0.0,0.0,0.0,1.971533227125715,99.87569751499888,0.0,0.0,0.0,0.0,0.0,2.009342720578269,99.80634331239388,0,0.0
0.4921875,0.5234375,0.7421875,0.765625,0.7890625,0.7890625,0.0,0.0,0.0,0.0,0.0,0.0,0.0,0.0,0.0,0.0,0.0,0.0,0.0,75.07165352520664,74.87155913765935,74.87155913765935,0.0,0.0,0.0,1.998079164011776,99.51908196745688,0.0,0.0,0.0,0.0,0.0,2.0078389455855783,99.91913344125014,0,0.0
0.4921875,0.5234375,0.7421875,0.765625,0.7890625,0.7890625,0.0,0.0,0.0,0.0,0.0,0.0,0.0,0.0,0.0,0.0,0.0,0.0,0.0,74.87155913765935,74.87155913765935,74.87155913765935,0.0,0.0,0.0,1.971533227125715,99.87569751499888,0.0,0.0,0.0,0.0,0.0,2.005453003507118,99.91913344125014,0,0.0
0.4921875,0.5234375,0.7421875,0.7734375,0.7890625,0.7890625,0.0,0.0,0.0,0.0,0.0,0.0,0.0,0.0,0.0,0.0,0.0,0.0,0.0,74.87155913765935,75.07165352520664,74.87155913765935,0.0,0.0,0.0,2.000067013865013,99.87569751499888,0.0,0.0,0.0,0.0,0.0,2.0158438821173608,99.91913344125014,0,0.0
0.4921875,0.5234375,0.7421875,0.7734375,0.7734375,0.7578125,0.0,0.0,0.0,0.0,0.0,0.0,0.0,0.0,0.0,0.0,0.0,0.0,0.0,74.87155913765935,74.87155913765935,74.87155913765935,0.0,0.0,0.0,2.000067013865013,99.87569751499888,0.0,0.0,0.0,0.0,0.0,1.9941237041424391,99.91913344125014,0,0.0
0.4921875,0.5234375,0.7421875,0.7734375,0.7734375,0.7578125,0.0,0.0,0.0,0.0,0.0,0.0,0.0,0.0,0.0,0.0,0.0,0.0,0.0,75.05833772389057,75.07165352520664,74.87155913765935,0.0,0.0,0.0,2.012975271866745,99.87569751499888,0.0,0.0,0.0,0.0,0.0,1.9941237041424391,99.7688014714735,0,0.0
0.4921875,0.5234375,0.7421875,0.7734375,0.7734375,0.7578125,0.0,0.0,0.0,0.0,0.0,0.0,0.0,0.0,0.0,0.0,0.0,0.0,0.0,75.07165352520664,74.87155913765935,75.07165352520664,0.0,0.0,0.0,2.000067013865013,99.51908196745688,0.0,0.0,0.0,0.0,0.0,2.009342720578269,99.7688014714735,0,0.0
0.4921875,0.5234375,0.7421875,0.7734375,0.7734375,0.7578125,0.0,0.0,0.0,0.0,0.0,0.0,0.0,0.0,0.0,0.0,0.0,0.0,0.0,74.87155913765935,74.87155913765935,74.87155913765935,0.0,0.0,0.0,2.0227189381715105,99.87569751499888,0.0,0.0,0.0,0.0,0.0,2.0158438821173608,99.7688014714735,0,0.0
0.4921875,0.5234375,0.7421875,0.7734375,0.7734375,0.7578125,0.0,0.0,0.0,0.0,0.0,0.0,0.0,0.0,0.0,0.0,0.0,0.0,0.0,74.87155913765935,74.87155913765935,74.87155913765935,0.0,0.0,0.0,2.000067013865013,99.5726413907847,0.0,0.0,0.0,0.0,0.0,2.005453003507118,99.7688014714735,0,0.0
0.4921875,0.5234375,0.7421875,0.7734375,0.7734375,0.7578125,0.0,0.0,0.0,0.0,0.0,0.0,0.0,0.0,0.0,0.0,0.0,0.0,0.0,74.87155913765935,74.87155913765935,74.87155913765935,0.0,0.0,0.0,2.004300916890303,99.5726413907847,0.0,0.0,0.0,0.0,0.0,2.0460017135661985,99.68196753035498,0,0.0
0.4921875,0.5234375,0.7421875,0.7734375,0.7734375,0.7578125,0.0,0.0,0.0,0.0,0.0,0.0,0.0,0.0,0.0,0.0,0.0,0.0,0.0,74.87155913765935,75.07165352520664,75.07165352520664,0.0,0.0,0.0,2.000067013865013,99.5726413907847,0.0,0.0,0.0,0.0,0.0,2.005453003507118,99.80634331239388,0,0.0
0.4921875,0.5234375,0.7421875,0.7734375,0.7734375,0.7578125,0.0,0.0,0.0,0.0,0.0,0.0,0.0,0.0,0.0,0.0,0.0,0.0,0.0,74.87155913765935,74.87155913765935,74.87155913765935,0.0,0.0,0.0,1.971533227125715,99.87569751499888,0.0,0.0,0.0,0.0,0.0,2.005453003507118,99.80634331239388,0,0.0
0.4921875,0.5234375,0.7421875,0.7734375,0.7734375,0.7578125,0.0,0.0,0.0,0.0,0.0,0.0,0.0,0.0,0.0,0.0,0.0,0.0,0.0,75.05833772389057,74.87155913765935,74.87155913765935,0.0,0.0,0.0,1.998079164011776,99.51908196745688,0.0,0.0,0.0,0.0,0.0,1.9941237041424391,99.80634331239388,0,0.0
0.4921875,0.5234375,0.7421875,0.7734375,0.7734375,0.7578125,0.0,0.0,0.0,0.0,0.0,0.0,0.0,0.0,0.0,0.0,0.0,0.0,0.0,75.06571221442597,75.06571221442597,75.06571221442597,0.0,0.0,0.0,2.0361108196667157,99.50786963723918,0.0,0.0,0.0,0.0,0.0,2.0098518141123183,99.80634331239388,0,0.0
0.4921875,0.5234375,0.7421875,0.7734375,0.7734375,0.7578125,0.0,0.0,0.0,0.0,0.0,0.0,0.0,0.0,0.0,0.0,0.0,0.0,0.0,75.06571221442597,75.06571221442597,74.92933700700402,0.0,0.0,0.0,2.006855712589624,99.50786963723918,0.0,0.0,0.0,0.0,0.0,2.002828533717062,99.80634331239388,0,0.0
0.4921875,0.5234375,0.7421875,0.7734375,0.7734375,0.7578125,0.0,0.0,0.0,0.0,0.0,0.0,0.0,0.0,0.0,0.0,0.0,0.0,0.0,75.06571221442597,74.92933700700402,75.06571221442597,0.0,0.0,0.0,1.9948510659145688,99.50786963723918,0.0,0.0,0.0,0.0,0.0,1.9886983566816456,99.80634331239388,0,0.0
0.4921875,0.5234375,0.7421875,0.7734375,0.7734375,0.7578125,0.0,0.0,0.0,0.0,0.0,0.0,0.0,0.0,0.0,0.0,0.0,0.0,0.0,75.06571221442597,75.06571221442597,75.06571221442597,0.0,0.0,0.0,2.0361108196667157,99.50786963723918,0.0,0.0,0.0,0.0,0.0,1.997053506036498,99.84566293728602,0,0.0
0.4921875,0.5234375,0.7421875,0.7734375,0.7734375,0.7578125,0.0,0.0,0.0,0.0,0.0,0.0,0.0,0.0,0.0,0.0,0.0,0.0,0.0,75.06571221442597,75.06571221442597,75.06571221442597,0.0,0.0,0.0,2.0361108196667157,99.50786963723918,0.0,0.0,0.0,0.0,0.0,1.998825622222865,99.68043067344716,0,0.0
0.4921875,0.5234375,0.7421875,0.7734375,0.7734375,0.7578125,0.0,0.0,0.0,0.0,0.0,0.0,0.0,0.0,0.0,0.0,0.0,0.0,0.0,75.06571221442597,75.06571221442597,74.92933700700402,0.0,0.0,0.0,2.0361108196667157,99.50786963723918,0.0,0.0,0.0,0.0,0.0,2.0117094515731413,99.8126986980296,0,0.0
0.4921875,0.5234375,0.7421875,0.7734375,0.7734375,0.7578125,0.0,0.0,0.0,0.0,0.0,0.0,0.0,0.0,0.0,0.0,0.0,0.0,0.0,75.06571221442597,75.06571221442597,75.06571221442597,0.0,0.0,0.0,2.0374982542429745,99.50786963723918,0.0,0.0,0.0,0.0,0.0,2.0117094515731413,99.8126986980296,0,0.0
0.4921875,0.5234375,0.7421875,0.7734375,0.7734375,0.7578125,0.0,0.0,0.0,0.0,0.0,0.0,0.0,0.0,0.0,0.0,0.0,0.0,0.0,75.06571221442597,74.92933700700402,75.06571221442597,0.0,0.0,0.0,2.0374982542429745,99.50786963723918,0.0,0.0,0.0,0.0,0.0,1.998825622222865,99.8126986980296,0,0.0
0.4921875,0.5234375,0.7421875,0.7734375,0.7734375,0.7578125,0.0,0.0,0.0,0.0,0.0,0.0,0.0,0.0,0.0,0.0,0.0,0.0,0.0,74.80526452410615,75.06571221442597,75.06571221442597,0.0,0.0,0.0,2.048062233738837,99.50786963723918,0.0,0.0,0.0,0.0,0.0,1.997053506036498,99.84566293728602,0,0.0
0.4921875,0.5234375,0.7421875,0.7734375,0.7734375,0.7578125,0.0,0.0,0.0,0.0,0.0,0.0,0.0,0.0,0.0,0.0,0.0,0.0,0.0,75.06571221442597,75.06571221442597,75.06571221442597,0.0,0.0,0.0,2.0361108196667157,99.50786963723918,0.0,0.0,0.0,0.0,0.0,1.998825622222865,99.84566293728602,0,0.0
0.4921875,0.5234375,0.7421875,0.7734375,0.7734375,0.7578125,0.0,0.0,0.0,0.0,0.0,0.0,0.0,0.0,0.0,0.0,0.0,0.0,0.0,75.06571221442597,75.06571221442597,75.06571221442597,0.0,0.0,0.0,2.0374982542429745,99.50786963723918,0.0,0.0,0.0,0.0,0.0,1.993478824415198,99.84566293728602,0,0.0
0.4921875,0.5234375,0.7421875,0.7734375,0.7734375,0.7578125,0.0,0.0,0.0,0.0,0.0,0.0,0.0,0.0,0.0,0.0,0.0,0.0,0.0,75.06571221442597,75.06571221442597,75.06571221442597,0.0,0.0,0.0,2.0361108196667157,99.50786963723918,0.0,0.0,0.0,0.0,0.0,1.998825622222865,99.84566293728602,0,0.0
0.4921875,0.5234375,0.7421875,0.7734375,0.7734375,0.7578125,0.0,0.0,0.0,0.0,0.0,0.0,0.0,0.0,0.0,0.0,0.0,0.0,0.0,74.80526452410615,74.92933700700402,74.80526452410615,0.0,0.0,0.0,2.0374982542429745,99.50786963723918,0.0,0.0,0.0,0.0,0.0,2.0117094515731413,99.8126986980296,0,0.0
0.4921875,0.515625,0.7421875,0.7734375,0.7734375,0.7578125,0.0,0.0,0.0,0.0,0.0,0.0,0.0,0.0,0.0,0.0,0.0,0.0,0.0,75.06571221442597,75.06571221442597,75.06571221442597,0.0,0.0,0.0,2.009541108202087,99.50786963723918,0.0,0.0,0.0,0.0,0.0,1.995359134700896,99.84566293728602,0,0.0
0.4921875,0.515625,0.7421875,0.7734375,0.7734375,0.7578125,0.0,0.0,0.0,0.0,0.0,0.0,0.0,0.0,0.0,0.0,0.0,0.0,0.0,74.92933700700402,75.06571221442597,75.06571221442597,0.0,0.0,0.0,2.009541108202087,99.50786963723918,0.0,0.0,0.0,0.0,0.0,1.997053506036498,99.84566293728602,0,0.0
0.4921875,0.515625,0.7421875,0.7734375,0.7734375,0.7578125,0.0,0.0,0.0,0.0,0.0,0.0,0.0,0.0,0.0,0.0,0.0,0.0,0.0,75.06571221442597,75.06571221442597,75.06571221442597,0.0,0.0,0.0,2.029964630103075,99.50786963723918,0.0,0.0,0.0,0.0,0.0,1.998825622222865,99.84566293728602,0,0.0
0.4921875,0.515625,0.7421875,0.7734375,0.7734375,0.7578125,0.0,0.0,0.0,0.0,0.0,0.0,0.0,0.0,0.0,0.0,0.0,0.0,0.0,75.06571221442597,75.06571221442597,74.92933700700402,0.0,0.0,0.0,2.0374982542429745,99.50786963723918,0.0,0.0,0.0,0.0,0.0,2.002921748258464,99.84566293728602,0,0.0
0.4921875,0.515625,0.7421875,0.7734375,0.7734375,0.7578125,0.0,0.0,0.0,0.0,0.0,0.0,0.0,0.0,0.0,0.0,0.0,0.0,0.0,75.06571221442597,74.92933700700402,75.06571221442597,0.0,0.0,0.0,2.0374982542429745,99.50786963723918,0.0,0.0,0.0,0.0,0.0,2.0117094515731413,99.8126986980296,0,0.0
0.4921875,0.515625,0.7421875,0.7734375,0.7734375,0.7578125,0.0,0.0,0.0,0.0,0.0,0.0,0.0,0.0,0.0,0.0,0.0,0.0,0.0,74.92933700700402,75.06571221442597,75.06571221442597,0.0,0.0,0.0,2.0374982542429745,99.50786963723918,0.0,0.0,0.0,0.0,0.0,1.997053506036498,99.84566293728602,0,0.0
0.4921875,0.515625,0.7421875,0.7734375,0.7734375,0.7578125,0.0,0.0,0.0,0.0,0.0,0.0,0.0,0.0,0.0,0.0,0.0,0.0,0.0,75.06571221442597,75.06571221442597,75.06571221442597,0.0,0.0,0.0,2.0374982542429745,99.50786963723918,0.0,0.0,0.0,0.0,0.0,2.0117094515731413,99.8126986980296,0,0.0
0.4921875,0.515625,0.7421875,0.7734375,0.7734375,0.7578125,0.0,0.0,0.0,0.0,0.0,0.0,0.0,0.0,0.0,0.0,0.0,0.0,0.0,74.84744294980317,74.84744294980317,74.91540862117657,0.0,0.0,0.0,1.971548183448622,99.50786963723918,0.0,0.0,0.0,0.0,0.0,2.0034574957949216,99.95664136297854,0,0.0
0.4921875,0.515625,0.7421875,0.7734375,0.7734375,0.7578125,0.0,0.0,0.0,0.0,0.0,0.0,0.0,0.0,0.0,0.0,0.0,0.0,0.0,74.84744294980317,74.9662318012587,74.84744294980317,0.0,0.0,0.0,2.018921738971684,99.76258906023298,0.0,0.0,0.0,0.0,0.0,2.0325260331081023,99.95664136297854,0,0.0
0.4921875,0.515625,0.7421875,0.7734375,0.7734375,0.7578125,0.0,0.0,0.0,0.0,0.0,0.0,0.0,0.0,0.0,0.0,0.0,0.0,0.0,74.9662318012587,74.84744294980317,74.84744294980317,0.0,0.0,0.0,1.9818661173879688,99.76258906023298,0.0,0.0,0.0,0.0,0.0,2.0325260331081023,99.95664136297854,0,0.0
0.4921875,0.515625,0.7421875,0.7734375,0.7734375,0.7578125,0.0,0.0,0.0,0.0,0.0,0.0,0.0,0.0,0.0,0.0,0.0,0.0,0.0,74.84744294980317,74.84744294980317,74.84744294980317,0.0,0.0,0.0,1.971548183448622,99.76258906023298,0.0,0.0,0.0,0.0,0.0,2.0325260331081023,99.95664136297854,0,0.0
0.4921875,0.515625,0.7421875,0.7734375,0.7734375,0.7578125,0.0,0.0,0.0,0.0,0.0,0.0,0.0,0.0,0.0,0.0,0.0,0.0,0.0,74.84744294980317,74.84744294980317,74.84744294980317,0.0,0.0,0.0,2.018921738971684,99.73720648818468,0.0,0.0,0.0,0.0,0.0,2.0419134643436294,99.95664136297854,0,0.0
0.4921875,0.515625,0.7421875,0.7734375,0.7734375,0.7578125,0.0,0.0,0.0,0.0,0.0,0.0,0.0,0.0,0.0,0.0,0.0,0.0,0.0,74.84744294980317,74.84744294980317,74.84744294980317,0.0,0.0,0.0,1.988348939065098,99.73720648818468,0.0,0.0,0.0,0.0,0.0,2.028578802089637,99.95664136297854,0,0.0
0.4921875,0.515625,0.7421875,0.7734375,0.7734375,0.7578125,0.0,0.0,0.0,0.0,0.0,0.0,0.0,0.0,0.0,0.0,0.0,0.0,0.0,74.9662318012587,74.84744294980317,74.84744294980317,0.0,0.0,0.0,1.971548183448622,99.73720648818468,0.0,0.0,0.0,0.0,0.0,2.0325260331081023,99.95664136297854,0,0.0
0.4921875,0.515625,0.7421875,0.7734375,0.7734375,0.7578125,0.0,0.0,0.0,0.0,0.0,0.0,0.0,0.0,0.0,0.0,0.0,0.0,0.0,74.84744294980317,74.84744294980317,74.9662318012587,0.0,0.0,0.0,1.988348939065098,99.82950430306612,0.0,0.0,0.0,0.0,0.0,2.0325260331081023,99.95664136297854,0,0.0
0.4921875,0.515625,0.7421875,0.7734375,0.7734375,0.7578125,0.0,0.0,0.0,0.0,0.0,0.0,0.0,0.0,0.0,0.0,0.0,0.0,0.0,74.84744294980317,74.84744294980317,74.84744294980317,0.0,0.0,0.0,1.971548183448622,99.82950430306612,0.0,0.0,0.0,0.0,0.0,2.003232607371358,99.95664136297854,0,0.0
0.4921875,0.515625,0.7421875,0.7734375,0.7734375,0.7578125,0.0,0.0,0.0,0.0,0.0,0.0,0.0,0.0,0.0,0.0,0.0,0.0,0.0,74.84744294980317,74.9662318012587,74.84744294980317,0.0,0.0,0.0,1.988348939065098,99.82950430306612,0.0,0.0,0.0,0.0,0.0,2.0034574957949216,99.95664136297854,0,0.0
0.4921875,0.515625,0.7421875,0.7734375,0.7734375,0.7578125,0.0,0.0,0.0,0.0,0.0,0.0,0.0,0.0,0.0,0.0,0.0,0.0,0.0,74.9662318012587,74.84744294980317,74.84744294980317,0.0,0.0,0.0,2.018921738971684,99.76258906023298,0.0,0.0,0.0,0.0,0.0,2.0419134643436294,99.83980099588844,0,0.0
0.4921875,0.515625,0.7421875,0.7734375,0.7734375,0.7578125,0.0,0.0,0.0,0.0,0.0,0.0,0.0,0.0,0.0,0.0,0.0,0.0,0.0,74.84744294980317,74.84744294980317,74.91540862117657,0.0,0.0,0.0,1.971548183448622,99.76258906023298,0.0,0.0,0.0,0.0,0.0,1.996347414912139,99.54500659652786,0,0.0
0.4921875,0.515625,0.7421875,0.7734375,0.7734375,0.7578125,0.0,0.0,0.0,0.0,0.0,0.0,0.0,0.0,0.0,0.0,0.0,0.0,0.0,74.84744294980317,74.84744294980317,74.84744294980317,0.0,0.0,0.0,1.971548183448622,99.76258906023298,0.0,0.0,0.0,0.0,0.0,2.0325260331081023,99.54500659652786,0,0.0
0.4921875,0.515625,0.7421875,0.7734375,0.7734375,0.7578125,0.0,0.0,0.0,0.0,0.0,0.0,0.0,0.0,0.0,0.0,0.0,0.0,0.0,74.84744294980317,74.9662318012587,74.84744294980317,0.0,0.0,0.0,1.985518251671489,99.944763178955,0.0,0.0,0.0,0.0,0.0,1.9969414240593608,99.7222375032394,0,0.0
0.4921875,0.515625,0.7421875,0.7734375,0.7734375,0.7578125,0.0,0.0,0.0,0.0,0.0,0.0,0.0,0.0,0.0,0.0,0.0,0.0,0.0,74.9662318012587,74.84744294980317,74.9662318012587,0.0,0.0,0.0,1.9818661173879688,99.944763178955,0.0,0.0,0.0,0.0,0.0,1.996347414912139,99.54500659652786,0,0.0
0.4921875,0.515625,0.7421875,0.7734375,0.7734375,0.7578125,0.0,0.0,0.0,0.0,0.0,0.0,0.0,0.0,0.0,0.0,0.0,0.0,0.0,74.84744294980317,74.84744294980317,74.84744294980317,0.0,0.0,0.0,1.971548183448622,99.8678936230644,0.0,0.0,0.0,0.0,0.0,2.0419134643436294,99.95664136297854,0,0.0
0.4921875,0.515625,0.7421875,0.7734375,0.7734375,0.7578125,0.0,0.0,0.0,0.0,0.0,0.0,0.0,0.0,0.7734375,0.7578125,0.6328125,0.625,33.33333333333333,74.84744294980317,74.84744294980317,74.84744294980317,0.0,0.0,0.0,2.011168133031515,99.8678936230644,0.0,0.0,0.0,0.0,0.0,1.9988573005676824,99.95664136297854,0,0.0
0.4921875,0.515625,0.7421875,0.7734375,0.7734375,0.7578125,0.0,0.0,0.0,0.0,0.0,0.0,0.0,0.0,0.7734375,0.7578125,0.6328125,0.625,33.33333333333333,74.84744294980317,74.84744294980317,74.84744294980317,0.0,0.0,0.0,1.988348939065098,99.82950430306612,0.0,0.0,0.0,0.0,0.0,2.0325260331081023,99.95664136297854,0,0.0
0.4921875,0.515625,0.7421875,0.7734375,0.7734375,0.7578125,0.0,0.0,0.0,0.0,0.0,0.0,0.0,0.0,0.7734375,0.7578125,0.6328125,0.625,33.33333333333333,74.9662318012587,74.91540862117657,74.91540862117657,0.0,0.0,0.0,1.971548183448622,99.82950430306612,0.0,0.0,0.0,0.0,0.0,2.003232607371358,99.95664136297854,0,0.0
0.4921875,0.515625,0.7421875,0.7734375,0.7734375,0.7578125,0.0,0.0,0.0,0.0,0.0,0.0,0.0,0.0,0.7734375,0.7578125,0.6328125,0.625,33.33333333333333,74.84744294980317,74.84744294980317,74.84744294980317,0.0,0.0,0.0,1.988348939065098,99.82950430306612,0.0,0.0,0.0,0.0,0.0,1.996347414912139,99.54500659652786,0,0.0
0.4921875,0.515625,0.7421875,0.7734375,0.7734375,0.7578125,0.0,0.0,0.0,0.0,0.0,0.0,0.0,0.0,0.7734375,0.7578125,0.6328125,0.625,33.33333333333333,75.05546647146488,75.05546647146488,75.05546647146488,0.0,0.0,0.0,2.011805691398138,99.82950430306612,0.0,0.0,0.0,0.0,0.0,1.9863016369506168,99.86462784930907,0,0.0
0.4921875,0.515625,0.7421875,0.7734375,0.7734375,0.7578125,0.0,0.0,0.0,0.0,0.0,0.0,0.0,0.0,0.7734375,0.7578125,0.6328125,0.625,33.33333333333333,75.05546647146488,75.05546647146488,75.05546647146488,0.0,0.0,0.0,2.0150611435711205,99.51974807891956,0.0,0.0,0.0,0.0,0.0,2.012478682855649,99.89526446675598,0,0.0
0.4921875,0.515625,0.7421875,0.7734375,0.7734375,0.7578125,0.0,0.0,0.0,0.0,0.0,0.0,0.0,0.0,0.7734375,0.7578125,0.6328125,0.625,33.33333333333333,75.13273612286395,75.05546647146488,75.05546647146488,0.0,0.0,0.0,2.011805691398138,99.51974807891956,0.0,0.0,0.0,0.0,0.0,2.012478682855649,99.89526446675598,0,0.0
0.4921875,0.515625,0.7421875,0.7734375,0.7734375,0.7578125,0.0,0.0,0.0,0.0,0.0,0.0,0.0,0.0,0.7734375,0.7578125,0.6328125,0.625,33.33333333333333,75.05546647146488,75.05546647146488,75.05546647146488,0.0,0.0,0.0,1.9807211133126787,99.51974807891956,0.0,0.0,0.0,0.0,0.0,2.012478682855649,99.89526446675598,0,0.0
0.4921875,0.515625,0.7421875,0.7734375,0.7734375,0.7578125,0.0,0.0,0.0,0.0,0.0,0.0,0.0,0.0,0.7734375,0.7578125,0.6328125,0.625,33.33333333333333,75.05546647146488,75.05546647146488,75.05546647146488,0.0,0.0,0.0,2.011805691398138,99.51974807891956,0.0,0.0,0.0,0.0,0.0,1.9863016369506168,99.86462784930907,0,0.0
0.4921875,0.515625,0.7421875,0.7734375,0.7734375,0.7578125,0.0,0.0,0.0,0.0,0.0,0.0,0.0,0.0,0.7734375,0.7578125,0.6328125,0.625,33.33333333333333,75.05546647146488,75.17752484327347,75.05546647146488,0.0,0.0,0.0,1.9807211133126787,99.51974807891956,0.0,0.0,0.0,0.0,0.0,2.012478682855649,99.89526446675598,0,0.0
0.4921875,0.515625,0.7421875,0.7734375,0.7734375,0.7578125,0.0,0.0,0.0,0.0,0.0,0.0,0.0,0.0,0.7734375,0.7578125,0.6328125,0.625,33.33333333333333,75.05546647146488,75.05546647146488,75.05546647146488,0.0,0.0,0.0,2.011805691398138,99.51974807891956,0.0,0.0,0.0,0.0,0.0,2.012478682855649,99.89526446675598,0,0.0
0.4921875,0.515625,0.7421875,0.7734375,0.7734375,0.7578125,0.0,0.0,0.0,0.0,0.0,0.0,0.0,0.0,0.7734375,0.7578125,0.6328125,0.625,33.33333333333333,75.05546647146488,75.05546647146488,75.05546647146488,0.0,0.0,0.0,1.9807211133126787,99.51974807891956,0.0,0.0,0.0,0.0,0.0,2.0092417620732115,99.77614208922266,0,0.0
0.4921875,0.515625,0.7421875,0.7734375,0.7734375,0.7578125,0.0,0.0,0.0,0.0,0.0,0.0,0.0,0.0,0.7734375,0.7578125,0.6328125,0.625,33.33333333333333,75.05546647146488,75.05546647146488,75.13273612286395,0.0,0.0,0.0,2.006811512835351,99.51974807891956,0.0,0.0,0.0,0.0,0.0,2.019235142494334,99.77614208922266,0,0.0
0.4921875,0.515625,0.7421875,0.7734375,0.7734375,0.7578125,0.0,0.0,0.0,0.0,0.0,0.0,0.0,0.0,0.7734375,0.7578125,0.6328125,0.625,33.33333333333333,75.13273612286395,75.13273612286395,75.05546647146488,0.0,0.0,0.0,2.0150611435711205,99.51974807891956,0.0,0.0,0.0,0.0,0.0,1.9561529396464603,99.86462784930907,0,0.0
0.4921875,0.515625,0.7421875,0.7734375,0.7734375,0.7578125,0.0,0.0,0.0,0.0,0.0,0.0,0.0,0.0,0.7734375,0.7578125,0.6328125,0.625,33.33333333333333,75.05546647146488,75.05546647146488,75.05546647146488,0.0,0.0,0.0,2.011805691398138,99.51974807891956,0.0,0.0,0.0,0.0,0.0,1.9561529396464603,99.86462784930907,0,0.0
0.4921875,0.515625,0.7421875,0.7734375,0.7734375,0.7578125,0.0,0.0,0.0,0.0,0.0,0.0,0.0,0.0,0.7734375,0.7578125,0.6328125,0.625,33.33333333333333,75.05546647146488,75.05546647146488,75.13273612286395,0.0,0.0,0.0,2.011805691398138,99.51974807891956,0.0,0.0,0.0,0.0,0.0,1.955044417483505,99.86462784930907,0,0.0
0.4921875,0.515625,0.7421875,0.7734375,0.7734375,0.7578125,0.0,0.0,0.0,0.0,0.0,0.0,0.0,0.0,0.7734375,0.7578125,0.6328125,0.625,33.33333333333333,75.05546647146488,75.17752484327347,75.05546647146488,0.0,0.0,0.0,2.001383641547285,99.8413570941095,0.0,0.0,0.0,0.0,0.0,2.0092417620732115,99.77614208922266,0,0.0
0.4921875,0.515625,0.7421875,0.7734375,0.7734375,0.7578125,0.0,0.0,0.0,0.0,0.0,0.0,0.0,0.0,0.7734375,0.7578125,0.6328125,0.625,33.33333333333333,75.05546647146488,75.05546647146488,75.05546647146488,0.0,0.0,0.0,2.011805691398138,99.8413570941095,0.0,0.0,0.0,0.0,0.0,2.012478682855649,99.77614208922266,0,0.0
0.4921875,0.515625,0.7421875,0.7734375,0.7734375,0.7578125,0.0,0.0,0.0,0.0,0.0,0.0,0.0,0.0,0.7734375,0.7578125,0.6328125,0.625,33.33333333333333,75.05546647146488,75.05546647146488,75.17752484327347,0.0,0.0,0.0,2.0150611435711205,99.51974807891956,0.0,0.0,0.0,0.0,0.0,1.955044417483505,99.77614208922266,0,0.0
0.4921875,0.515625,0.7421875,0.7734375,0.7734375,0.7578125,0.0,0.0,0.0,0.0,0.0,0.0,0.0,0.0,0.7734375,0.7578125,0.6328125,0.625,33.33333333333333,75.05546647146488,75.05546647146488,75.05546647146488,0.0,0.0,0.0,2.024893978465255,99.51974807891956,0.0,0.0,0.0,0.0,0.0,2.012478682855649,99.77614208922266,0,0.0
0.4921875,0.515625,0.7421875,0.7734375,0.7734375,0.7578125,0.0,0.0,0.0,0.0,0.0,0.0,0.0,0.0,0.7734375,0.7578125,0.6328125,0.625,33.33333333333333,75.05546647146488,75.13273612286395,75.05546647146488,0.0,0.0,0.0,2.011805691398138,99.61200072479356,0.0,0.0,0.0,0.0,0.0,1.9561529396464603,99.86462784930907,0,0.0
0.4921875,0.515625,0.7421875,0.7734375,0.7734375,0.7578125,0.0,0.0,0.0,0.0,0.0,0.0,0.0,0.0,0.7734375,0.7578125,0.6328125,0.625,33.33333333333333,75.13273612286395,75.05546647146488,75.05546647146488,0.0,0.0,0.0,2.011805691398138,99.61200072479356,0.0,0.0,0.0,0.0,0.0,1.9863016369506168,99.86462784930907,0,0.0
0.4921875,0.515625,0.7421875,0.7734375,0.7734375,0.7578125,0.0,0.0,0.0,0.0,0.0,0.0,0.0,0.0,0.7734375,0.7578125,0.6328125,0.625,33.33333333333333,75.05546647146488,75.05546647146488,75.05546647146488,0.0,0.0,0.0,1.9807211133126787,99.61200072479356,0.0,0.0,0.0,0.0,0.0,2.012478682855649,99.86462784930907,0,0.0
0.4921875,0.515625,0.7421875,0.7734375,0.7734375,0.7578125,0.0,0.0,0.0,0.0,0.0,0.0,0.0,0.0,0.7734375,0.7578125,0.6328125,0.625,33.33333333333333,75.05546647146488,75.05546647146488,75.05546647146488,0.0,0.0,0.0,2.0150611435711205,99.51974807891956,0.0,0.0,0.0,0.0,0.0,1.9561529396464603,99.86462784930907,0,0.0
0.4921875,0.515625,0.7421875,0.7734375,0.7734375,0.7578125,0.0,0.0,0.0,0.0,0.0,0.0,0.0,0.0,0.7734375,0.7578125,0.6328125,0.625,33.33333333333333,75.01330382561699,74.98931213277783,74.98931213277783,0.0,0.0,0.0,2.0177126638520937,99.86505776149752,0.0,0.0,0.0,0.0,0.0,1.983539982020847,99.86462784930907,0,0.0
0.4921875,0.515625,0.7421875,0.7734375,0.7734375,0.7578125,0.0,0.0,0.0,0.0,0.0,0.0,0.0,0.0,0.7734375,0.7578125,0.6328125,0.625,33.33333333333333,74.98931213277783,74.98931213277783,74.98931213277783,0.0,0.0,0.0,1.9990817906739675,99.86505776149752,0.0,0.0,0.0,0.0,0.0,2.0202079539273834,99.86462784930907,0,0.0
0.4921875,0.515625,0.7421875,0.7734375,0.7734375,0.7578125,0.0,0.0,0.0,0.0,0.0,0.0,0.0,0.0,0.7734375,0.7578125,0.6328125,0.625,33.33333333333333,74.98931213277783,74.98931213277783,74.98931213277783,0.0,0.0,0.0,2.0002657884397164,99.86505776149752,0.0,0.0,0.0,0.0,0.0,2.0202079539273834,99.86462784930907,0,0.0
0.4921875,0.515625,0.7421875,0.7734375,0.7734375,0.7578125,0.0,0.0,0.0,0.0,0.0,0.0,0.0,0.0,0.7734375,0.7578125,0.6328125,0.625,33.33333333333333,74.98931213277783,75.01367828180912,74.98931213277783,0.0,0.0,0.0,1.9905362581201167,99.62034056092654,0.0,0.0,0.0,0.0,0.0,1.983539982020847,99.86462784930907,0,0.0
0.4921875,0.515625,0.7421875,0.7734375,0.7734375,0.7578125,0.0,0.0,0.0,0.0,0.0,0.0,0.0,0.0,0.7734375,0.7578125,0.6328125,0.625,33.33333333333333,74.98931213277783,74.98931213277783,74.98931213277783,0.0,0.0,0.0,2.0002657884397164,99.62034056092654,0.0,0.0,0.0,0.0,0.0,2.016812361413993,99.86462784930907,0,0.0
0.4921875,0.515625,0.7421875,0.7734375,0.7734375,0.7578125,0.0,0.0,0.0,0.0,0.0,0.0,0.0,0.0,0.7734375,0.7578125,0.6328125,0.625,33.33333333333333,74.98931213277783,74.98931213277783,74.98931213277783,0.0,0.0,0.0,2.0002657884397164,99.62034056092654,0.0,0.0,0.0,0.0,0.0,2.0202079539273834,99.86462784930907,0,0.0
0.4921875,0.515625,0.7421875,0.7734375,0.7734375,0.7578125,0.0,0.0,0.0,0.0,0.0,0.0,0.0,0.0,0.7734375,0.7578125,0.6328125,0.625,33.33333333333333,74.98931213277783,74.98931213277783,74.98931213277783,0.0,0.0,0.0,2.0177126638520937,99.86505776149752,0.0,0.0,0.0,0.0,0.0,1.983539982020847,99.86462784930907,0,0.0
0.4921875,0.515625,0.7421875,0.7734375,0.7734375,0.7578125,0.0,0.0,0.0,0.0,0.0,0.0,0.0,0.0,0.7734375,0.7578125,0.6328125,0.625,33.33333333333333,75.01367828180912,74.98931213277783,74.98931213277783,0.0,0.0,0.0,2.0002657884397164,99.86505776149752,0.0,0.0,0.0,0.0,0.0,2.0202079539273834,99.86462784930907,0,0.0
0.4921875,0.515625,0.7421875,0.7734375,0.7734375,0.7578125,0.0,0.0,0.0,0.0,0.0,0.0,0.0,0.0,0.7734375,0.7578125,0.6328125,0.625,33.33333333333333,74.98931213277783,74.98931213277783,74.98931213277783,0.0,0.0,0.0,2.0009775234364238,99.86505776149752,0.0,0.0,0.0,0.0,0.0,2.014648014308099,99.86462784930907,0,0.0
0.4921875,0.515625,0.7421875,0.7734375,0.7734375,0.7578125,0.0,0.0,0.0,0.0,0.0,0.0,0.0,0.0,0.7734375,0.7578125,0.6328125,0.625,33.33333333333333,74.98931213277783,74.98931213277783,74.98931213277783,0.0,0.0,0.0,2.0002657884397164,99.86505776149752,0.0,0.0,0.0,0.0,0.0,2.0202079539273834,99.86462784930907,0,0.0
0.4921875,0.515625,0.7421875,0.7734375,0.7734375,0.7578125,0.0,0.0,0.0,0.0,0.0,0.0,0.0,0.0,0.7734375,0.7578125,0.6328125,0.625,33.33333333333333,74.98931213277783,75.01367828180912,75.01367828180912,0.0,0.0,0.0,2.0177126638520937,99.86505776149752,0.0,0.0,0.0,0.0,0.0,1.983539982020847,99.86462784930907,0,0.0
0.4921875,0.515625,0.7421875,0.7734375,0.7734375,0.7578125,0.0,0.0,0.0,0.0,0.0,0.0,0.0,0.0,0.7734375,0.7578125,0.6328125,0.625,33.33333333333333,74.98931213277783,74.98931213277783,74.98931213277783,0.0,0.0,0.0,2.0177126638520937,99.86505776149752,0.0,0.0,0.0,0.0,0.0,2.016812361413993,99.86462784930907,0,0.0
0.4921875,0.515625,0.7421875,0.7734375,0.7734375,0.7578125,0.0,0.0,0.0,0.0,0.0,0.0,0.0,0.0,0.7734375,0.7578125,0.6328125,0.625,33.33333333333333,74.98931213277783,74.98931213277783,74.98931213277783,0.0,0.0,0.0,2.0002657884397164,99.86505776149752,0.0,0.0,0.0,0.0,0.0,2.014648014308099,99.86462784930907,0,0.0
0.4921875,0.515625,0.7421875,0.7734375,0.7734375,0.7578125,0.0,0.0,0.0,0.0,0.0,0.0,0.0,0.0,0.7734375,0.7578125,0.6328125,0.625,33.33333333333333,74.98931213277783,75.01330382561699,75.01367828180912,0.0,0.0,0.0,2.0177126638520937,99.86505776149752,0.0,0.0,0.0,0.0,0.0,1.983539982020847,99.86462784930907,0,0.0
0.4921875,0.515625,0.7421875,0.7734375,0.7734375,0.7578125,0.0,0.0,0.0,0.0,0.0,0.0,0.0,0.0,0.7734375,0.7578125,0.6328125,0.625,33.33333333333333,75.01367828180912,74.98931213277783,74.98931213277783,0.0,0.0,0.0,2.0002657884397164,99.86505776149752,0.0,0.0,0.0,0.0,0.0,2.014648014308099,99.66132617344472,0,0.0
0.4921875,0.515625,0.7421875,0.7734375,0.7734375,0.7578125,0.0,0.0,0.0,0.0,0.0,0.0,0.0,0.0,0.7734375,0.7578125,0.6328125,0.625,33.33333333333333,74.98931213277783,74.98931213277783,74.98931213277783,0.0,0.0,0.0,1.9735480081960453,99.86642159199286,0.0,0.0,0.0,0.0,0.0,1.9688551672862655,99.66132617344472,0,0.0
0.4921875,0.515625,0.7421875,0.7734375,0.7734375,0.7578125,0.0,0.0,0.0,0.0,0.0,0.0,0.0,0.0,0.7734375,0.7578125,0.6328125,0.625,33.33333333333333,74.98931213277783,74.98931213277783,75.01330382561699,0.0,0.0,0.0,1.9710857246951508,99.5768152217216,0.0,0.0,0.0,0.0,0.0,1.9967395276481503,99.66132617344472,0,0.0
0.4921875,0.515625,0.7421875,0.7734375,0.7734375,0.7578125,0.0,0.0,0.0,0.0,0.0,0.0,0.0,0.0,0.7734375,0.7578125,0.6328125,0.625,33.33333333333333,74.98931213277783,74.98931213277783,74.98931213277783,0.0,0.0,0.0,2.0002657884397164,99.5768152217216,0.0,0.0,0.0,0.0,0.0,2.0202079539273834,99.66132617344472,0,0.0
0.4921875,0.515625,0.7421875,0.7734375,0.7734375,0.7578125,0.0,0.0,0.0,0.0,0.0,0.0,0.0,0.0,0.7734375,0.7578125,0.6328125,0.625,33.33333333333333,74.98931213277783,74.98931213277783,74.98931213277783,0.0,0.0,0.0,2.0177126638520937,99.86505776149752,0.0,0.0,0.0,0.0,0.0,2.014648014308099,99.66132617344472,0,0.0
0.4921875,0.515625,0.7421875,0.7734375,0.7734375,0.7578125,0.0,0.0,0.0,0.0,0.0,0.0,0.0,0.0,0.7734375,0.7578125,0.6328125,0.625,33.33333333333333,74.98931213277783,74.98931213277783,74.98931213277783,0.0,0.0,0.0,2.0002657884397164,99.86505776149752,0.0,0.0,0.0,0.0,0.0,2.014648014308099,99.66132617344472,0,0.0
0.4921875,0.515625,0.7421875,0.7734375,0.7734375,0.7578125,0.0,0.0,0.0,0.0,0.0,0.0,0.0,0.0,0.7734375,0.7578125,0.6328125,0.625,33.33333333333333,74.75078227489679,74.75078227489679,74.96201666699771,0.0,0.0,0.0,1.9981477809193555,99.86505776149752,0.0,0.0,0.0,0.0,0.0,2.0034948717588668,99.5568132371726,0,0.0
0.4921875,0.515625,0.7421875,0.7734375,0.7734375,0.7578125,0.0,0.0,0.0,0.0,0.0,0.0,0.0,0.0,0.7734375,0.7578125,0.6328125,0.625,33.33333333333333,74.96201666699771,74.96201666699771,74.96201666699771,-2.0221581739412,2.4846684048239487,-0.221176487701721,1.978452498969068,99.86505776149752,0.0,-0.6161965286271203,0.0,0.0,0.0,2.0236384949605446,99.5568132371726,0,0.0
0.4921875,0.515625,0.7421875,0.7734375,0.7734375,0.7578125,0.0,0.0,0.0,0.0,0.0,0.0,0.0,0.0,0.7734375,0.7578125,0.6328125,0.625,33.33333333333333,74.96201666699771,74.96201666699771,74.96201666699771,-4.795648436017576,6.253049472133095,-2.8515273057720534,1.951152298885224,99.5849809289688,0.0,2.516061949403064,0.0,0.0,0.0,1.9783569193300947,99.91341632554472,0,0.0
0.4921875,0.515625,0.7421875,0.7734375,0.7734375,0.7578125,0.0,0.0,0.0,0.0,0.0,0.0,0.0,0.0,0.7734375,0.7578125,0.6328125,0.625,33.33333333333333,74.96201666699771,74.83954622381621,74.96201666699771,-4.131722606597419,6.176404234073857,-4.076026671525358,1.951152298885224,99.5849809289688,0.0,4.534550183165279,0.0,0.0,0.0,1.992523619741988,99.63421037826468,0,0.0
0.4921875,0.515625,0.7421875,0.7734375,0.7734375,0.7578125,0.0,0.0,0.0,0.0,0.0,0.0,0.0,0.0,0.7734375,0.7578125,0.6328125,0.625,33.33333333333333,74.96201666699771,74.96201666699771,74.96201666699771,-2.9324880680464567,5.065316246999994,-4.994205343457763,1.9768948643757185,99.5849809289688,0.0,6.172923444727978,0.0,0.0,0.0,1.981452690444084,99.63421037826468,0,0.0
0.4921875,0.515625,0.7421875,0.7734375,0.7734375,0.7578125,0.0,0.0,0.0,0.0,0.0,0.0,0.0,0.0,0.7734375,0.7578125,0.6328125,0.625,33.33333333333333,74.96201666699771,74.96201666699771,74.83954622381621,-1.6703962682048883,3.36361737782202,-5.588735840355611,1.951152298885224,99.5849809289688,0.0,7.131857762042641,0.0,0.0,0.0,1.9718029730397928,99.63421037826468,0,0.0
0.4921875,0.515625,0.7421875,0.7734375,0.7734375,0.7578125,0.0,0.0,0.0,0.0,0.0,0.0,0.0,0.0,0.7734375,0.7578125,0.6328125,0.625,33.33333333333333,74.96201666699771,74.96201666699771,74.96201666699771,-0.2840611445151795,1.1341546245084773,-4.243182171204009,1.9762215016181373,99.5849809289688,0.0,5.3069637607218585,0.0,0.0,0.0,2.0297557823728165,99.63421037826468,0,0.0
0.4921875,0.515625,0.7421875,0.7734375,0.7734375,0.7578125,0.0,0.0,0.0,0.0,0.0,0.0,0.0,0.0,0.7734375,0.7578125,0.6328125,0.625,33.33333333333333,74.96201666699771,74.96201666699771,74.96201666699771,1.985215399148603,-2.6357796760223984,-1.7907221091057306,2.0196401431521043,99.5849809289688,89.58498092896879,2.143002462509565,0.0,0.0,0.0,2.004151910433934,99.64819920118455,0,0.0
0.4921875,0.515625,0.7421875,0.7734375,0.7734375,0.7578125,0.0,0.0,0.0,0.0,0.0,0.0,0.0,0.0,0.7734375,0.7578125,0.6328125,0.625,33.33333333333333,74.96201666699771,74.96201666699771,74.96201666699771,3.4777882614400197,-4.643446179787727,-2.9784662191304894,2.0073720842235057,99.5849809289688,89.58498092896879,3.5878329814846177,0.0,0.0,0.0,1.9775541260293856,99.64819920118455,0,0.0
0.4921875,0.515625,0.7421875,0.7734375,0.7734375,0.7578125,0.0,0.0,0.0,0.0,0.0,0.0,0.0,0.0,0.7734375,0.7578125,0.6328125,0.625,33.33333333333333,74.96201666699771,74.96201666699771,74.75078227489679,0.0,0.0,0.0,2.0073720842235057,99.5849809289688,89.58498092896879,0.0,0.0,0.0,0.0,2.025034887189244,99.64819920118455,0,0.0
0.4921875,0.515625,0.7421875,0.7734375,0.7734375,0.7578125,0.0,0.0,0.0,0.0,0.0,0.0,0.0,0.0,0.7734375,0.7578125,0.6328125,0.625,33.33333333333333,74.75078227489679,74.96201666699771,74.96201666699771,0.0,0.0,0.0,2.0073720842235057,99.5849809289688,89.58498092896879,0.0,0.0,0.0,0.0,1.9775541260293856,99.64819920118455,0,0.0
0.4921875,0.515625,0.7421875,0.7734375,0.7734375,0.7578125,0.0,0.0,0.0,0.0,0.0,0.0,0.0,0.0,0.7734375,0.7578125,0.6328125,0.625,33.33333333333333,74.96201666699771,74.96201666699771,74.96201666699771,0.0,0.0,0.0,1.9762215016181373,99.5849809289688,89.58498092896879,0.0,0.0,0.0,0.0,1.9783569193300947,99.91341632554472,0,0.0
0.4921875,0.515625,0.7421875,0.7734375,0.7734375,0.7578125,0.0,0.0,0.0,0.0,0.0,0.0,0.0,0.0,0.7734375,0.7578125,0.6328125,0.625,33.33333333333333,74.96201666699771,74.96201666699771,74.96201666699771,-1.4716919424724255,1.3704516847580408,1.2065061007477975,1.978452498969068,99.5849809289688,89.58498092896879,-1.3908343721461804,0.0,0.0,0.0,2.007391388995695,99.91341632554472,0,0.0
0.5078125,0.5078125,0.7421875,0.7734375,0.7734375,0.7578125,0.0,0.0,0.0,0.0,0.0,0.0,0.0,0.0,0.7734375,0.7578125,0.6328125,0.625,33.33333333333333,74.75078227489679,74.96201666699771,74.96201666699771,-4.2312012847114815,4.608111340803222,3.23014021166401,2.0065454167654986,99.5849809289688,89.58498092896879,-3.641788584727194,0.0,0.0,0.0,1.9902674152214503,99.83803560955752,0,0.0
0.5078125,0.5078125,0.7421875,0.7734375,0.7734375,0.7578125,0.0,0.0,0.0,0.0,0.0,0.0,0.0,0.0,0.7734375,0.7578125,0.6328125,0.625,33.33333333333333,74.75078227489679,74.96201666699771,74.96201666699771,-0.5295848568334669,0.3090685924509906,2.2959934395777126,2.0112325589735,99.5849809289688,89.58498092896879,-2.6990257398902324,0.0,0.0,0.0,2.032083039440972,99.83803560955752,0,0.0
0.5078125,0.5078125,0.7421875,0.7734375,0.7734375,0.7578125,0.0,0.0,0.0,0.0,0.0,0.0,0.0,0.0,0.7734375,0.7578125,0.6328125,0.625,33.33333333333333,74.96201666699771,74.96201666699771,74.96201666699771,1.2930731230770225,-2.176948945784969,5.464315293447632,1.951814967148074,99.5849809289688,89.58498092896879,-6.804568856628012,0.0,0.0,0.0,2.00824655783504,99.83803560955752,0,0.0
0.5078125,0.5078125,0.7421875,0.7734375,0.7734375,0.7578125,0.0,0.0,0.0,0.0,0.0,0.0,0.0,0.0,0.7734375,0.7578125,0.6328125,0.625,33.33333333333333,74.96201666699771,74.96201666699771,74.96201666699771,2.5984777886197548,-4.047347568034763,5.17870905933092,1.9762215016181373,99.5849809289688,89.58498092896879,-6.649832221691746,0.0,0.0,0.0,1.9783569193300947,99.91341632554472,0,0.0
0.5078125,0.5078125,0.7421875,0.7734375,0.7734375,0.7578125,0.0,0.0,0.0,0.0,0.0,0.0,0.0,0.0,0.7734375,0.7578125,0.6328125,0.625,33.33333333333333,74.96201666699771,74.96201666699771,74.96201666699771,3.807810656343409,-5.541295793982851,4.328107559933497,1.951152298885224,99.5849809289688,89.58498092896879,-5.496097484540703,0.0,0.0,0.0,1.9783569193300947,99.91341632554472,0,0.0
0.5078125,0.5078125,0.7421875,0.7734375,0.7734375,0.7578125,0.0,0.0,0.0,0.0,0.0,0.0,0.0,0.0,0.7734375,0.7578125,0.6328125,0.625,33.33333333333333,74.96201666699771,74.96201666699771,74.75078227489679,4.797947116632019,-6.39179525228369,3.222210313364166,1.9762215016181373,99.5849809289688,89.58498092896879,-3.764568372455648,0.0,0.0,0.0,1.9783569193300947,99.91341632554472,0,0.0
0.5078125,0.5078125,0.7421875,0.7734375,0.7734375,0.7578125,0.0,0.0,0.0,0.0,0.0,0.0,0.0,0.0,0.7734375,0.7578125,0.6328125,0.625,33.33333333333333,74.96201666699771,74.96201666699771,74.96201666699771,3.632146403029068,-4.551268236678541,1.8167088352463128,1.951152298885224,99.5849809289688,89.34847635862819,-1.5054787938028191,0.0,0.0,0.0,2.00824655783504,99.91341632554472,0,0.0
0.5078125,0.5078125,0.7421875,0.7734375,0.7734375,0.7578125,0.0,0.0,0.0,0.0,0.0,0.0,0.0,0.0,0.7734375,0.7578125,0.6328125,0.625,33.33333333333333,75.05943370460399,75.05943370460399,75.05943370460399,1.0742134607234042,-1.2301529640451296,-1.1005485693870385,2.00023230071086,99.5849809289688,89.34847635862819,1.5901096767158802,0.0,0.0,0.0,1.9857768712130428,99.8022230275584,0,0.0
0.5078125,0.5078125,0.7421875,0.7734375,0.7734375,0.7578125,0.0,0.0,0.0,0.0,0.0,0.0,0.0,0.0,0.7734375,0.7578125,0.6328125,0.625,33.33333333333333,75.05943370460399,75.05943370460399,75.05943370460399,3.2716150019345,-3.575631503899335,-4.403282859331001,2.000660290720525,99.5849809289688,89.34847635862819,5.276185491944413,0.0,0.0,0.0,1.9813084137178696,99.87353047886872,0,0.0
0.5078125,0.5078125,0.7421875,0.7734375,0.7734375,0.7578125,0.0,0.0,0.0,0.0,0.0,0.0,0.0,0.0,0.7734375,0.7578125,0.6328125,0.625,33.33333333333333,75.05943370460399,75.05943370460399,75.05943370460399,0.8018815280559328,-0.9349985229608614,-0.8581421219552811,1.9521240473036772,99.5849809289688,89.34847635862819,1.3417586962199524,0.0,0.0,0.0,2.0041849112244856,99.61743885790828,0,0.0
0.5078125,0.5078125,0.7421875,0.7734375,0.7734375,0.7578125,0.0,0.0,0.0,0.0,0.0,0.0,0.0,0.0,0.7734375,0.7578125,0.6328125,0.625,33.33333333333333,75.05943370460399,75.05943370460399,75.05943370460399,0.0,0.0,0.0,2.0211341314802382,99.5849809289688,89.34847635862819,0.0,0.0,0.0,0.0,1.9885212435211457,99.61743885790828,0,0.0
0.5078125,0.5078125,0.7421875,0.7734375,0.7734375,0.7578125,0.0,0.0,0.0,0.0,0.0,0.0,0.0,0.0,0.7734375,0.7578125,0.6328125,0.625,33.33333333333333,75.05943370460399,75.05943370460399,75.05943370460399,0.0,0.0,0.0,1.996739879244428,99.50930083322928,0.0,0.0,0.0,0.0,0.0,1.983318460598964,99.61743885790828,0,0.0
0.5078125,0.5078125,0.7421875,0.7734375,0.7734375,0.7578125,0.0,0.0,0.0,0.0,0.0,0.0,0.0,0.0,0.7734375,0.7578125,0.6328125,0.625,33.33333333333333,75.05943370460399,75.05943370460399,75.05943370460399,0.0,0.0,0.0,2.000491512293896,99.50930083322928,0.0,0.0,0.0,0.0,0.0,1.9857768712130428,99.8022230275584,0,0.0
0.5078125,0.5078125,0.7421875,0.7734375,0.7734375,0.7578125,0.0,0.0,0.0,0.0,0.0,0.0,0.0,0.0,0.7734375,0.7578125,0.6328125,0.625,33.33333333333333,75.05943370460399,75.05943370460399,75.05943370460399,-1.5102568330512716,1.6274697528123636,1.8861749905931,2.00023230071086,99.50930083322928,0.0,-2.0431890027730057,0.0,0.0,0.0,1.97802423874724,99.8022230275584,0,0.0
0.5078125,0.5078125,0.7421875,0.7734375,0.7734375,0.7578125,0.0,0.0,0.0,0.0,0.0,0.0,0.0,0.0,0.7734375,0.7578125,0.6328125,0.625,33.33333333333333,75.05943370460399,75.05943370460399,75.00401663434202,-3.162355495516296,3.336099727028137,4.481101984239517,2.012831854650364,99.50930083322928,0.0,-4.986062986754847,0.0,0.0,0.0,1.9798888051611363,99.8022230275584,0,0.0
0.5078125,0.5078125,0.7421875,0.7734375,0.7734375,0.7578125,0.0,0.0,0.0,0.0,0.0,0.0,0.0,0.0,0.7734375,0.7578125,0.6328125,0.625,33.33333333333333,75.05943370460399,75.05943370460399,75.05943370460399,0.0,0.0,0.0,1.9843895942098488,99.89278749926731,0.0,0.0,0.0,0.0,0.0,1.980794375633264,99.8022230275584,0,0.0
0.5078125,0.5078125,0.7421875,0.7734375,0.7734375,0.7578125,0.0,0.0,0.0,0.0,0.0,0.0,0.0,0.0,0.7734375,0.7578125,0.6328125,0.625,33.33333333333333,75.05943370460399,75.05943370460399,75.00401663434202,0.0,0.0,0.0,1.9333304016746191,99.89278749926731,0.0,0.0,0.0,0.0,0.0,1.988323439958887,99.8022230275584,0,0.0
0.5078125,0.5078125,0.7421875,0.7734375,0.7734375,0.7578125,0.0,0.0,0.0,0.0,0.0,0.0,0.0,0.0,0.7734375,0.7578125,0.6328125,0.625,33.33333333333333,75.05943370460399,75.00180268965508,75.05943370460399,0.0,0.0,0.0,2.020860414232692,99.89278749926731,0.0,0.0,0.0,0.0,0.0,1.980794375633264,99.8022230275584,0,0.0
0.5078125,0.5078125,0.7421875,0.7734375,0.7734375,0.7578125,0.0,0.0,0.0,0.0,0.0,0.0,0.0,0.0,0.7734375,0.7578125,0.6328125,0.625,33.33333333333333,75.05943370460399,75.05943370460399,75.00401663434202,0.0,0.0,0.0,2.020860414232692,99.89278749926731,0.0,0.0,0.0,0.0,0.0,1.976943102825158,99.8022230275584,0,0.0
0.5078125,0.5078125,0.7421875,0.7734375,0.7734375,0.7578125,0.0,0.0,0.0,0.0,0.0,0.0,0.0,0.0,0.7734375,0.7578125,0.6328125,0.625,33.33333333333333,75.05943370460399,75.05943370460399,75.05943370460399,0.0,0.0,0.0,1.996739879244428,99.89278749926731,0.0,0.0,0.0,0.0,0.0,1.9965518333507133,99.8022230275584,0,0.0
0.5078125,0.5078125,0.7421875,0.7734375,0.7734375,0.7578125,0.0,0.0,0.0,0.0,0.0,0.0,0.0,0.0,0.7734375,0.7578125,0.6328125,0.625,33.33333333333333,75.05943370460399,75.00401663434202,75.00180268965508,0.0,0.0,0.0,1.9333304016746191,99.89278749926731,0.0,0.0,0.0,0.0,0.0,2.000968294799548,99.8022230275584,0,0.0
0.5078125,0.5078125,0.7421875,0.7734375,0.7734375,0.7578125,0.0,0.0,0.0,0.0,0.0,0.0,0.0,0.0,0.7734375,0.7578125,0.6328125,0.625,33.33333333333333,75.05943370460399,75.05943370460399,75.05943370460399,0.0,0.0,0.0,2.020860414232692,99.89278749926731,0.0,0.0,0.0,0.0,0.0,1.976943102825158,99.8022230275584,0,0.0
0.5078125,0.5078125,0.7421875,0.7734375,0.7734375,0.7578125,0.0,0.0,0.0,0.0,0.0,0.0,0.0,0.0,0.7734375,0.7578125,0.6328125,0.625,33.33333333333333,75.05943370460399,75.05943370460399,75.05943370460399,0.0,0.0,0.0,1.9843895942098488,99.89278749926731,0.0,0.0,0.0,0.0,0.0,1.980794375633264,99.8022230275584,0,0.0
0.5078125,0.5078125,0.7421875,0.7734375,0.7734375,0.7578125,0.0,0.0,0.0,0.0,0.0,0.0,0.0,0.0,0.7734375,0.7578125,0.6328125,0.625,33.33333333333333,75.05943370460399,75.05943370460399,75.05943370460399,0.0,0.0,0.0,2.0085762205647275,99.51905893487084,0.0,0.0,0.0,0.0,0.0,2.006032490312139,99.8022230275584,0,0.0
0.5078125,0.5078125,0.7421875,0.7734375,0.7734375,0.7578125,0.0,0.0,0.0,0.0,0.0,0.0,0.0,0.0,0.7734375,0.7578125,0.6328125,0.625,33.33333333333333,75.05943370460399,75.05943370460399,75.05943370460399,0.0,0.0,0.0,2.0178328037558595,99.51905893487084,0.0,0.0,0.0,0.0,0.0,1.980794375633264,99.8022230275584,0,0.0
0.5078125,0.5078125,0.7421875,0.7734375,0.7734375,0.7578125,0.0,0.0,0.0,0.0,0.0,0.0,0.0,0.0,0.7734375,0.7578125,0.6328125,0.625,33.33333333333333,75.05943370460399,75.05943370460399,75.05943370460399,0.0,0.0,0.0,2.020860414232692,99.51905893487084,0.0,0.0,0.0,0.0,0.0,1.976943102825158,99.8022230275584,0,0.0
0.5078125,0.5078125,0.7421875,0.7734375,0.7734375,0.7578125,0.0,0.0,0.0,0.0,0.0,0.0,0.0,0.0,0.7734375,0.7578125,0.6328125,0.625,33.33333333333333,75.05943370460399,75.05943370460399,75.05943370460399,0.0,0.0,0.0,2.020860414232692,99.51905893487084,0.0,0.0,0.0,0.0,0.0,1.976943102825158,99.8022230275584,0,0.0
0.5078125,0.5078125,0.7421875,0.7734375,0.7734375,0.7578125,0.0,0.0,0.0,0.0,0.0,0.0,0.0,0.0,0.7734375,0.7578125,0.6328125,0.625,33.33333333333333,75.05943370460399,75.05943370460399,75.05943370460399,0.0,0.0,0.0,1.996739879244428,99.50930083322928,0.0,0.0,0.0,0.0,0.0,2.033992303792996,99.8022230275584,0,0.0
0.5078125,0.5078125,0.7421875,0.7734375,0.7734375,0.7578125,0.0,0.0,0.0,0.0,0.0,0.0,0.0,0.0,0.7734375,0.7578125,0.6328125,0.625,33.33333333333333,74.94431037106435,74.94431037106435,74.94431037106435,0.0,0.0,0.0,2.0280735687867644,99.50930083322928,0.0,0.0,0.0,0.0,0.0,1.9888801528503648,99.77435105672524,0,0.0
0.5078125,0.5078125,0.7421875,0.7734375,0.7734375,0.7578125,0.0,0.0,0.0,0.0,0.0,0.0,0.0,0.0,0.7734375,0.7578125,0.6328125,0.625,33.33333333333333,74.94431037106435,74.94431037106435,74.94431037106435,0.0,0.0,0.0,2.0280735687867644,99.50930083322928,0.0,0.0,0.0,0.0,0.0,2.00401585149049,99.77435105672524,0,0.0
0.5078125,0.5078125,0.7421875,0.7734375,0.7734375,0.7578125,0.0,0.0,0.0,0.0,0.0,0.0,0.0,0.0,0.7734375,0.7578125,0.6328125,0.625,33.33333333333333,74.94431037106435,74.94431037106435,74.94431037106435,0.0,0.0,0.0,1.9817433227989636,99.50930083322928,0.0,0.0,0.0,0.0,0.0,1.9888801528503648,99.77435105672524,0,0.0
0.5078125,0.5078125,0.7421875,0.7734375,0.7734375,0.7578125,0.0,0.0,0.0,0.0,0.0,0.0,0.0,0.0,0.7734375,0.7578125,0.6328125,0.625,33.33333333333333,74.94431037106435,75.14090904899216,74.94431037106435,0.0,0.0,0.0,2.009330375792694,99.50930083322928,0.0,0.0,0.0,0.0,0.0,2.00401585149049,99.77435105672524,0,0.0
0.5078125,0.5078125,0.7421875,0.7734375,0.7734375,0.7578125,0.0,0.0,0.0,0.0,0.0,0.0,0.0,0.0,0.7734375,0.7578125,0.6328125,0.625,33.33333333333333,74.94431037106435,74.94431037106435,74.94431037106435,0.0,0.0,0.0,1.993017013252797,99.99261616088206,0.0,0.0,0.0,0.0,0.0,2.024866599001631,99.77435105672524,0,0.0
0.5078125,0.5078125,0.7421875,0.7734375,0.7734375,0.7578125,0.0,0.0,0.0,0.0,0.0,0.0,0.0,0.0,0.7734375,0.7578125,0.6328125,0.625,33.33333333333333,74.94431037106435,74.94431037106435,74.94431037106435,0.0,0.0,0.0,1.9817433227989636,99.99261616088206,0.0,0.0,0.0,0.0,0.0,2.002017093075096,99.77435105672524,0,0.0
0.5078125,0.5078125,0.7421875,0.7734375,0.7734375,0.7578125,0.0,0.0,0.0,0.0,0.0,0.0,0.0,0.0,0.7734375,0.7578125,0.6328125,0.625,33.33333333333333,75.14090904899216,75.08376002292133,74.94431037106435,0.0,0.0,0.0,2.0280735687867644,99.99261616088206,0.0,0.0,0.0,0.0,0.0,1.9888801528503648,99.77435105672524,0,0.0
0.5078125,0.5078125,0.7421875,0.7734375,0.7734375,0.7578125,0.0,0.0,0.0,0.0,0.0,0.0,0.0,0.0,0.7734375,0.7578125,0.6328125,0.625,33.33333333333333,74.94431037106435,74.94431037106435,74.94431037106435,0.0,0.0,0.0,1.993017013252797,99.99261616088206,0.0,0.0,0.0,0.0,0.0,2.0016495000249823,99.77435105672524,0,0.0
0.5078125,0.5078125,0.7421875,0.7734375,0.7734375,0.7578125,0.0,0.0,0.0,0.0,0.0,0.0,0.0,0.0,0.7734375,0.7578125,0.6328125,0.625,33.33333333333333,74.94431037106435,74.94431037106435,74.94431037106435,0.0,0.0,0.0,2.0280735687867644,99.99261616088206,0.0,0.0,0.0,0.0,0.0,2.00401585149049,99.77435105672524,0,0.0
0.5078125,0.5078125,0.7421875,0.7734375,0.7734375,0.7578125,0.0,0.0,0.0,0.0,0.0,0.0,0.0,0.0,0.7734375,0.7578125,0.6328125,0.625,33.33333333333333,75.08376002292133,74.94431037106435,74.94431037106435,0.0,0.0,0.0,1.993017013252797,99.99261616088206,0.0,0.0,0.0,0.0,0.0,2.024866599001631,99.77435105672524,0,0.0
0.5078125,0.5078125,0.7421875,0.7734375,0.7734375,0.7578125,0.0,0.0,0.0,0.0,0.0,0.0,0.0,0.0,0.7734375,0.7578125,0.6328125,0.625,33.33333333333333,74.94431037106435,74.94431037106435,74.94431037106435,0.0,0.0,0.0,2.0280735687867644,99.99261616088206,0.0,0.0,0.0,0.0,0.0,2.024866599001631,99.77435105672524,0,0.0
0.5078125,0.5078125,0.7421875,0.7734375,0.7734375,0.7578125,0.0,0.0,0.0,0.0,0.0,0.0,0.0,0.0,0.7734375,0.7578125,0.6328125,0.625,33.33333333333333,74.94431037106435,74.94431037106435,74.94431037106435,0.0,0.0,0.0,1.9817433227989636,99.99261616088206,0.0,0.0,0.0,0.0,0.0,1.9888801528503648,99.5866378973158,0,0.0
0.5078125,0.5078125,0.7421875,0.7734375,0.7734375,0.7578125,0.0,0.0,0.0,0.0,0.0,0.0,0.0,0.0,0.7734375,0.7578125,0.6328125,0.625,33.33333333333333,75.08376002292133,74.94431037106435,74.94431037106435,0.0,0.0,0.0,1.9907066830011488,99.99261616088206,0.0,0.0,0.0,0.0,0.0,2.006387408210617,99.5866378973158,0,0.0
0.5078125,0.5078125,0.7421875,0.7734375,0.7734375,0.7578125,0.0,0.0,0.0,0.0,0.0,0.0,0.0,0.0,0.7734375,0.7578125,0.6328125,0.625,33.33333333333333,75.08376002292133,74.94431037106435,75.08376002292133,0.0,0.0,0.0,1.978662895512338,99.92981497879676,0.0,0.0,0.0,0.0,0.0,2.006387408210617,99.5866378973158,0,0.0
0.5078125,0.5078125,0.7421875,0.7734375,0.7734375,0.7578125,0.0,0.0,0.0,0.0,0.0,0.0,0.0,0.0,0.7734375,0.7578125,0.6328125,0.625,33.33333333333333,74.94431037106435,75.08376002292133,74.94431037106435,0.0,0.0,0.0,2.0280735687867644,99.92981497879676,0.0,0.0,0.0,0.0,0.0,1.9888801528503648,99.5866378973158,0,0.0
0.5078125,0.5078125,0.7421875,0.7734375,0.7734375,0.7578125,0.0,0.0,0.0,0.0,0.0,0.0,0.0,0.0,0.7734375,0.7578125,0.6328125,0.625,33.33333333333333,74.94431037106435,74.94431037106435,75.08376002292133,0.0,0.0,0.0,2.0280735687867644,99.92981497879676,0.0,0.0,0.0,0.0,0.0,1.9888801528503648,99.5866378973158,0,0.0
0.5078125,0.5078125,0.7421875,0.7734375,0.7734375,0.7578125,0.0,0.0,0.0,0.0,0.0,0.0,0.0,0.0,0.7734375,0.7578125,0.6328125,0.625,33.33333333333333,75.14090904899216,74.94431037106435,74.94431037106435,0.0,0.0,0.0,1.993017013252797,99.92981497879676,0.0,0.0,0.0,0.0,0.0,2.011467429586208,99.77435105672524,0,0.0
0.5078125,0.5078125,0.7421875,0.7734375,0.7734375,0.7578125,0.0,0.0,0.0,0.0,0.0,0.0,0.0,0.0,0.7734375,0.7578125,0.6328125,0.625,33.33333333333333,74.94431037106435,75.08376002292133,74.94431037106435,0.0,0.0,0.0,1.993017013252797,99.92981497879676,0.0,0.0,0.0,0.0,0.0,2.024866599001631,99.77435105672524,0,0.0
0.5078125,0.5078125,0.7421875,0.7734375,0.7734375,0.7578125,0.0,0.0,0.0,0.0,0.0,0.0,0.0,0.0,0.7734375,0.7578125,0.6328125,0.625,33.33333333333333,74.94431037106435,74.94431037106435,74.94431037106435,0.0,0.0,0.0,2.0280735687867644,99.92981497879676,0.0,0.0,0.0,0.0,0.0,1.9888801528503648,99.77435105672524,0,0.0
0.5078125,0.5078125,0.7421875,0.7734375,0.7734375,0.7578125,0.0,0.0,0.0,0.0,0.0,0.0,0.0,0.0,0.7734375,0.7578125,0.6328125,0.625,33.33333333333333,75.14090904899216,74.94431037106435,74.94431037106435,0.0,0.0,0.0,1.9909834028633733,99.92981497879676,0.0,0.0,0.0,0.0,0.0,1.9878069250728223,99.77435105672524,0,0.0
0.5078125,0.5078125,0.7421875,0.7734375,0.7734375,0.7578125,0.0,0.0,0.0,0.0,0.0,0.0,0.0,0.0,0.7734375,0.7578125,0.6328125,0.625,33.33333333333333,75.2254361118193,75.2254361118193,75.2254361118193,0.0,0.0,0.0,1.9779111654902115,99.92981497879676,0.0,0.0,0.0,0.0,0.0,1.9860780381253005,99.77435105672524,0,0.0
0.5078125,0.5078125,0.7421875,0.7734375,0.7734375,0.7578125,0.0,0.0,0.0,0.0,0.0,0.0,0.0,0.0,0.7734375,0.7578125,0.6328125,0.625,33.33333333333333,75.2254361118193,75.2254361118193,75.2254361118193,0.0,0.0,0.0,2.0123389132494367,99.92981497879676,0.0,0.0,0.0,0.0,0.0,1.9944807571913687,99.92096220343409,0,0.0
0.5078125,0.5078125,0.7421875,0.7734375,0.7734375,0.7578125,0.0,0.0,0.0,0.0,0.0,0.0,0.0,0.0,0.7734375,0.7578125,0.6328125,0.625,33.33333333333333,75.2254361118193,75.2254361118193,74.94035867531313,0.0,0.0,0.0,2.0064684595845086,99.91576151719536,0.0,0.0,0.0,0.0,0.0,1.972954028812569,99.92096220343409,0,0.0
0.5078125,0.5078125,0.7421875,0.7734375,0.7734375,0.7578125,0.0,0.0,0.0,0.0,0.0,0.0,0.0,0.0,0.7734375,0.7578125,0.6328125,0.625,33.33333333333333,75.2254361118193,74.94035867531313,75.2254361118193,0.0,0.0,0.0,1.9851869734097916,99.91576151719536,0.0,0.0,0.0,0.0,0.0,1.9944807571913687,99.92096220343409,0,0.0
0.5078125,0.5078125,0.7421875,0.7734375,0.7734375,0.7578125,0.0,0.0,0.0,0.0,0.0,0.0,0.0,0.0,0.7734375,0.7578125,0.6328125,0.625,33.33333333333333,75.2254361118193,75.2254361118193,75.2254361118193,0.0,0.0,0.0,2.0064684595845086,99.91576151719536,0.0,0.0,0.0,0.0,0.0,1.9919543568911893,99.9467344045062,0,0.0
0.5078125,0.5078125,0.7421875,0.7734375,0.7734375,0.7578125,0.0,0.0,0.0,0.0,0.0,0.0,0.0,0.0,0.7734375,0.7578125,0.6328125,0.625,33.33333333333333,75.2254361118193,75.2254361118193,75.2254361118193,0.0,0.0,0.0,2.0064684595845086,99.91576151719536,0.0,0.0,0.0,0.0,0.0,1.9860780381253005,99.9467344045062,0,0.0
0.5078125,0.5078125,0.7421875,0.7734375,0.7734375,0.7578125,0.0,0.0,0.0,0.0,0.0,0.0,0.0,0.0,0.7734375,0.7578125,0.6328125,0.625,33.33333333333333,75.2254361118193,74.99029550710937,75.2254361118193,0.0,0.0,0.0,1.9851869734097916,99.91576151719536,0.0,0.0,0.0,0.0,0.0,1.9944807571913687,99.92096220343409,0,0.0
0.5078125,0.5078125,0.7421875,0.7734375,0.7734375,0.7578125,0.0,0.0,0.0,0.0,0.0,0.0,0.0,0.0,0.7734375,0.7578125,0.6328125,0.625,33.33333333333333,75.2254361118193,75.2254361118193,74.99029550710937,0.0,0.0,0.0,2.000670626433449,99.91576151719536,0.0,0.0,0.0,0.0,0.0,1.9944807571913687,99.9467344045062,0,0.0
0.5078125,0.5078125,0.7421875,0.7734375,0.7734375,0.7578125,0.0,0.0,0.0,0.0,0.0,0.0,0.0,0.0,0.7734375,0.7578125,0.6328125,0.625,33.33333333333333,75.2254361118193,75.2254361118193,75.2254361118193,0.0,0.0,0.0,2.000670626433449,99.91576151719536,0.0,0.0,0.0,0.0,0.0,1.972954028812569,99.9467344045062,0,0.0
0.5078125,0.5078125,0.7421875,0.75,0.7734375,0.7578125,0.0,0.0,0.0,0.0,0.0,0.0,0.0,0.0,0.7734375,0.7578125,0.6328125,0.625,33.33333333333333,75.2254361118193,75.2254361118193,75.2254361118193,0.0,0.0,0.0,2.000324860851388,99.91576151719536,0.0,0.0,0.0,0.0,0.0,1.9944807571913687,99.92096220343409,0,0.0
0.5078125,0.5078125,0.7421875,0.75,0.7734375,0.796875,0.0,0.0,0.0,0.0,0.0,0.0,0.0,0.0,0.7734375,0.7578125,0.6328125,0.625,33.33333333333333,74.94035867531313,75.2254361118193,74.94035867531313,0.0,0.0,0.0,2.0123389132494367,99.91576151719536,0.0,0.0,0.0,0.0,0.0,1.9944807571913687,99.92096220343409,0,0.0
0.5078125,0.5078125,0.7421875,0.75,0.7734375,0.796875,0.0,0.0,0.0,0.0,0.0,0.0,0.0,0.0,0.7734375,0.7578125,0.6328125,0.625,33.33333333333333,75.2254361118193,74.94035867531313,74.94035867531313,0.0,0.0,0.0,1.9851869734097916,99.91576151719536,0.0,0.0,0.0,0.0,0.0,1.9944807571913687,99.92096220343409,0,0.0
0.5078125,0.5078125,0.7421875,0.75,0.7734375,0.796875,0.0,0.0,0.0,0.0,0.0,0.0,0.0,0.0,0.7734375,0.7578125,0.6328125,0.625,33.33333333333333,75.2254361118193,75.2254361118193,75.2254361118193,0.0,0.0,0.0,1.9851869734097916,99.91576151719536,0.0,0.0,0.0,0.0,0.0,1.9905851189122328,99.92096220343409,0,0.0
0.5078125,0.5078125,0.7421875,0.75,0.7734375,0.796875,0.0,0.0,0.0,0.0,0.0,0.0,0.0,0.0,0.7734375,0.7578125,0.6328125,0.625,33.33333333333333,75.2254361118193,75.2254361118193,75.2254361118193,0.0,0.0,0.0,2.0064684595845086,99.91576151719536,0.0,0.0,0.0,0.0,0.0,1.972954028812569,99.9467344045062,0,0.0
0.5078125,0.5078125,0.7421875,0.75,0.7734375,0.796875,0.0,0.0,0.0,0.0,0.0,0.0,0.0,0.0,0.7734375,0.7578125,0.6328125,0.625,33.33333333333333,74.94035867531313,75.2254361118193,75.2254361118193,0.0,0.0,0.0,1.9851869734097916,99.91576151719536,0.0,0.0,0.0,0.0,0.0,1.9944807571913687,99.92096220343409,0,0.0
0.5078125,0.5078125,0.7421875,0.75,0.7734375,0.796875,0.0,0.0,0.0,0.0,0.0,0.0,0.0,0.0,0.7734375,0.7578125,0.6328125,0.625,33.33333333333333,75.2254361118193,75.2254361118193,74.94035867531313,0.0,0.0,0.0,1.9624913384259983,99.91576151719536,0.0,0.0,0.0,0.0,0.0,2.009414603481428,99.63388793827684,0,0.0
0.5078125,0.5078125,0.7421875,0.75,0.7734375,0.796875,0.0,0.0,0.0,0.0,0.0,0.0,0.0,0.0,0.7734375,0.7578125,0.6328125,0.625,33.33333333333333,75.2254361118193,75.2254361118193,75.2254361118193,0.0,0.0,0.0,1.9851869734097916,99.91576151719536,0.0,0.0,0.0,0.0,0.0,1.9944807571913687,99.92096220343409,0,0.0
0.5078125,0.5078125,0.7421875,0.75,0.7734375,0.796875,0.0,0.0,0.0,0.0,0.0,0.0,0.0,0.0,0.7734375,0.7578125,0.6328125,0.625,33.33333333333333,75.2254361118193,75.2254361118193,75.2254361118193,0.0,0.0,0.0,2.000324860851388,99.91576151719536,0.0,0.0,0.0,0.0,0.0,1.981855843897328,99.92096220343409,0,0.0
0.5078125,0.5078125,0.7421875,0.75,0.7734375,0.796875,0.0,0.0,0.0,0.0,0.0,0.0,0.0,0.0,0.7734375,0.7578125,0.6328125,0.625,33.33333333333333,75.2254361118193,75.2254361118193,75.2254361118193,0.0,0.0,0.0,2.0064684595845086,99.91576151719536,0.0,0.0,0.0,0.0,0.0,1.9944807571913687,99.92096220343409,0,0.0
0.5078125,0.5078125,0.7421875,0.75,0.7734375,0.796875,0.0,0.0,0.0,0.0,0.0,0.0,0.0,0.0,0.7734375,0.7578125,0.6328125,0.625,33.33333333333333,75.2254361118193,75.2254361118193,75.2254361118193,0.0,0.0,0.0,1.9851869734097916,99.91576151719536,0.0,0.0,0.0,0.0,0.0,1.9944807571913687,99.92096220343409,0,0.0
0.5078125,0.5078125,0.7421875,0.75,0.7734375,0.796875,0.0,0.0,0.0,0.0,0.0,0.0,0.0,0.0,0.7734375,0.7578125,0.6328125,0.625,33.33333333333333,74.86201848280196,74.86201848280196,74.86201848280196,0.0,0.0,0.0,2.0040393207051785,99.91576151719536,0.0,0.0,0.0,0.0,0.0,1.993805314429213,99.62054538683478,0,0.0
0.5078125,0.5078125,0.7421875,0.75,0.7734375,0.796875,0.0,0.0,0.0,0.0,0.0,0.0,0.0,0.0,0.7734375,0.7578125,0.6328125,0.625,33.33333333333333,74.86201848280196,74.86376210592255,74.86201848280196,0.0,0.0,0.0,2.001587092495401,99.59860033495592,0.0,0.0,0.0,0.0,0.0,1.9859872037062865,99.62054538683478,0,0.0
0.5078125,0.5078125,0.7421875,0.75,0.7734375,0.796875,0.0,0.0,0.0,0.0,0.0,0.0,0.0,0.0,0.7734375,0.7578125,0.6328125,0.625,33.33333333333333,74.8810108864461,74.86201848280196,74.86376210592255,0.0,0.0,0.0,1.999196565835856,99.56163417601644,0.0,0.0,0.0,0.0,0.0,2.001755579026403,99.60730759847765,0,0.0
0.5078125,0.5078125,0.7421875,0.75,0.7734375,0.796875,0.0,0.0,0.0,0.0,0.0,0.0,0.0,0.0,0.7734375,0.7578125,0.6328125,0.625,33.33333333333333,74.86201848280196,74.86201848280196,74.86201848280196,0.0,0.0,0.0,1.9629960795659056,99.56163417601644,0.0,0.0,0.0,0.0,0.0,2.018335927654843,99.60730759847765,0,0.0
0.5078125,0.5078125,0.7421875,0.75,0.7734375,0.796875,0.0,0.0,0.0,0.0,0.0,0.0,0.0,0.0,0.7734375,0.7578125,0.6328125,0.625,33.33333333333333,74.86201848280196,74.86201848280196,74.86201848280196,0.0,0.0,0.0,2.0161404854399008,99.56163417601644,0.0,0.0,0.0,0.0,0.0,1.9988017907164763,99.62054538683478,0,0.0
0.5078125,0.5078125,0.7421875,0.75,0.7734375,0.796875,0.0,0.0,0.0,0.0,0.0,0.0,0.0,0.0,0.7734375,0.7578125,0.6328125,0.625,33.33333333333333,74.86201848280196,74.86376210592255,74.86201848280196,0.0,0.0,0.0,1.9629960795659056,99.56163417601644,0.0,0.0,0.0,0.0,0.0,2.0380554930644608,99.62054538683478,0,0.0
0.5078125,0.5078125,0.7421875,0.75,0.7734375,0.796875,0.0,0.0,0.0,0.0,0.0,0.0,0.0,0.0,0.7734375,0.7578125,0.6328125,0.625,33.33333333333333,74.86376210592255,74.86201848280196,74.86201848280196,0.0,0.0,0.0,1.9982013689360223,99.56163417601644,0.0,0.0,0.0,0.0,0.0,2.018335927654843,99.62054538683478,0,0.0
0.5078125,0.5078125,0.7421875,0.75,0.7734375,0.796875,0.0,0.0,0.0,0.0,0.0,0.0,0.0,0.0,0.7734375,0.7578125,0.6328125,0.625,33.33333333333333,74.86201848280196,74.86201848280196,74.86201848280196,0.0,0.0,0.0,1.9629960795659056,99.56163417601644,0.0,0.0,0.0,0.0,0.0,1.993805314429213,99.8647547309972,0,0.0
0.5078125,0.5078125,0.7421875,0.75,0.7734375,0.796875,0.0,0.0,0.0,0.0,0.0,0.0,0.0,0.0,0.7734375,0.7578125,0.6328125,0.625,33.33333333333333,74.86201848280196,74.86201848280196,74.86201848280196,0.0,0.0,0.0,2.0161404854399008,99.56163417601644,0.0,0.0,0.0,0.0,0.0,1.993805314429213,99.8647547309972,0,0.0
0.5078125,0.5078125,0.7421875,0.75,0.7734375,0.796875,0.0,0.0,0.0,0.0,0.0,0.0,0.0,0.0,0.7734375,0.7578125,0.6328125,0.625,33.33333333333333,74.86201848280196,74.8810108864461,74.86201848280196,0.0,0.0,0.0,1.9629960795659056,99.56163417601644,0.0,0.0,0.0,0.0,0.0,1.9988017907164763,99.62054538683478,0,0.0
0.5078125,0.5078125,0.7421875,0.75,0.7734375,0.796875,0.0,0.0,0.0,0.0,0.0,0.0,0.0,0.0,0.7734375,0.7578125,0.6328125,0.625,33.33333333333333,74.86201848280196,74.86201848280196,74.86201848280196,0.0,0.0,0.0,1.9629960795659056,99.56163417601644,0.0,0.0,0.0,0.0,0.0,1.993805314429213,99.8647547309972,0,0.0
0.5078125,0.5078125,0.7421875,0.75,0.7734375,0.796875,0.0,0.0,0.0,0.0,0.0,0.0,0.0,0.0,0.7734375,0.7578125,0.6328125,0.625,33.33333333333333,74.86201848280196,74.86201848280196,74.86201848280196,0.0,0.0,0.0,2.0161404854399008,99.56163417601644,0.0,0.0,0.0,0.0,0.0,1.993805314429213,99.8647547309972,0,0.0
0.5078125,0.5078125,0.7421875,0.75,0.7734375,0.796875,0.0,0.0,0.0,0.0,0.0,0.0,0.0,0.0,0.7734375,0.7578125,0.6328125,0.625,33.33333333333333,74.86201848280196,74.86201848280196,74.86201848280196,0.0,0.0,0.0,1.9629960795659056,99.56163417601644,0.0,0.0,0.0,0.0,0.0,1.993805314429213,99.8647547309972,0,0.0
0.5078125,0.5078125,0.7421875,0.75,0.7734375,0.796875,0.0,0.0,0.0,0.0,0.0,0.0,0.0,0.0,0.7734375,0.7578125,0.6328125,0.625,33.33333333333333,74.86201848280196,74.8810108864461,74.86201848280196,0.0,0.0,0.0,1.999196565835856,99.56163417601644,0.0,0.0,0.0,0.0,0.0,2.0152069330104934,99.8647547309972,0,0.0
0.5078125,0.5078125,0.7421875,0.75,0.7734375,0.796875,0.0,0.0,0.0,0.0,0.0,0.0,0.0,0.0,0.7734375,0.7578125,0.6328125,0.625,33.33333333333333,74.86376210592255,74.86201848280196,74.86201848280196,0.0,0.0,0.0,2.025201377007683,99.56163417601644,0.0,0.0,0.0,0.0,0.0,1.993805314429213,99.8647547309972,0,0.0
0.5078125,0.5078125,0.7421875,0.75,0.7734375,0.796875,0.0,0.0,0.0,0.0,0.0,0.0,0.0,0.0,0.7734375,0.7578125,0.6328125,0.625,33.33333333333333,74.86201848280196,74.86201848280196,74.86201848280196,0.0,0.0,0.0,2.0161404854399008,99.56163417601644,0.0,0.0,0.0,0.0,0.0,2.0152069330104934,99.8647547309972,0,0.0
0.5078125,0.5078125,0.7421875,0.75,0.7734375,0.796875,0.0,0.0,0.0,0.0,0.0,0.0,0.0,0.0,0.7734375,0.7578125,0.6328125,0.625,33.33333333333333,74.86201848280196,74.86201848280196,74.86201848280196,0.0,0.0,0.0,1.999196565835856,99.56163417601644,0.0,0.0,0.0,0.0,0.0,2.0152069330104934,99.8647547309972,0,0.0
0.5078125,0.5078125,0.7421875,0.75,0.7734375,0.796875,0.0,0.0,0.0,0.0,0.0,0.0,0.0,0.0,0.7734375,0.7578125,0.6328125,0.625,33.33333333333333,74.86201848280196,74.86201848280196,74.86201848280196,0.0,0.0,0.0,1.9629960795659056,99.56163417601644,0.0,0.0,0.0,0.0,0.0,1.993805314429213,99.8647547309972,0,0.0
0.5078125,0.5078125,0.7421875,0.75,0.7734375,0.796875,0.0,0.0,0.0,0.0,0.0,0.0,0.0,0.0,0.7734375,0.7578125,0.6328125,0.625,33.33333333333333,74.86201848280196,74.86201848280196,74.8810108864461,0.0,0.0,0.0,2.006610047513924,99.56163417601644,0.0,0.0,0.0,0.0,0.0,2.004867823481422,99.63557016487316,0,0.0
0.5078125,0.5078125,0.7421875,0.75,0.7734375,0.796875,0.0,0.0,0.0,0.0,0.0,0.0,0.0,0.0,0.7734375,0.7578125,0.6328125,0.625,33.33333333333333,74.86201848280196,74.86201848280196,74.86201848280196,0.0,0.0,0.0,2.0161404854399008,99.56163417601644,0.0,0.0,0.0,0.0,0.0,1.993805314429213,99.8647547309972,0,0.0
0.5078125,0.5078125,0.7421875,0.75,0.7734375,0.796875,0.0,0.0,0.0,0.0,0.0,0.0,0.0,0.0,0.7734375,0.7578125,0.6328125,0.625,33.33333333333333,75.08712045258673,75.08712045258673,75.08712045258673,0.0,0.0,0.0,2.005413876451163,99.56163417601644,0.0,0.0,0.0,0.0,0.0,1.99826403567514,99.8647547309972,0,0.0
0.5078125,0.5078125,0.7421875,0.75,0.7734375,0.796875,0.0,0.0,0.0,0.0,0.0,0.0,0.0,0.0,0.7734375,0.7578125,0.6328125,0.625,33.33333333333333,75.03567097593705,75.08712045258673,75.08712045258673,0.0,0.0,0.0,1.9866655279149428,99.56721325989696,0.0,0.0,0.0,0.0,0.0,1.999308834940496,99.8647547309972,0,0.0
0.5078125,0.5078125,0.7421875,0.75,0.7734375,0.796875,0.0,0.0,0.0,0.0,0.0,0.0,0.0,0.0,0.7734375,0.7578125,0.6328125,0.625,33.33333333333333,75.08712045258673,75.08712045258673,75.03567097593705,0.0,0.0,0.0,2.0063966800998942,99.66726695942464,0.0,0.0,0.0,0.0,0.0,1.9602633957166515,99.59860121436212,0,0.0
0.5078125,0.5078125,0.7421875,0.75,0.7734375,0.796875,0.0,0.0,0.0,0.0,0.0,0.0,0.0,0.0,0.7734375,0.7578125,0.6328125,0.625,33.33333333333333,75.08712045258673,75.03567097593705,75.08712045258673,0.0,0.0,0.0,2.005413876451163,99.6310603232724,0.0,0.0,0.0,0.0,0.0,1.99826403567514,99.59860121436212,0,0.0
0.5078125,0.5078125,0.7421875,0.75,0.7734375,0.796875,0.0,0.0,0.0,0.0,0.0,0.0,0.0,0.0,0.7734375,0.7578125,0.6328125,0.625,33.33333333333333,75.08712045258673,75.08712045258673,75.08712045258673,0.0,0.0,0.0,2.005413876451163,99.6310603232724,0.0,0.0,0.0,0.0,0.0,1.999308834940496,99.59860121436212,0,0.0
0.5078125,0.5078125,0.7421875,0.75,0.7734375,0.796875,0.0,0.0,0.0,0.0,0.0,0.0,0.0,0.0,0.7734375,0.7578125,0.6328125,0.625,33.33333333333333,75.08712045258673,75.08712045258673,75.08712045258673,0.0,0.0,0.0,1.9866655279149428,99.56721325989696,0.0,0.0,0.0,0.0,0.0,2.0113407534999705,99.59860121436212,0,0.0
0.5078125,0.5078125,0.7421875,0.75,0.7734375,0.796875,0.0,0.0,0.0,0.0,0.0,0.0,0.0,0.0,0.7734375,0.7578125,0.6328125,0.625,33.33333333333333,75.08712045258673,75.08712045258673,75.17165205325493,0.0,0.0,0.0,2.005413876451163,99.56721325989696,0.0,0.0,0.0,0.0,0.0,2.0197302201549308,99.59860121436212,0,0.0
0.5078125,0.5078125,0.7421875,0.75,0.7734375,0.796875,0.0,0.0,0.0,0.0,0.0,0.0,0.0,0.0,0.7734375,0.7578125,0.6328125,0.625,33.33333333333333,75.03567097593705,75.08712045258673,75.08712045258673,0.0,0.0,0.0,2.0063966800998942,99.66726695942464,0.0,0.0,0.0,0.0,0.0,1.9893969981385728,99.59860121436212,0,0.0
0.5078125,0.5078125,0.7421875,0.75,0.7734375,0.796875,0.0,0.0,0.0,0.0,0.0,0.0,0.0,0.0,0.7734375,0.7578125,0.6328125,0.625,33.33333333333333,75.08712045258673,75.08712045258673,75.08712045258673,0.0,0.0,0.0,2.005413876451163,99.6310603232724,0.0,0.0,0.0,0.0,0.0,1.99826403567514,99.59860121436212,0,0.0
0.5078125,0.5078125,0.7421875,0.75,0.7734375,0.796875,0.0,0.0,0.0,0.0,0.0,0.0,0.0,0.0,0.7734375,0.7578125,0.6328125,0.625,33.33333333333333,75.08712045258673,75.17165205325493,75.08712045258673,0.0,0.0,0.0,1.9866655279149428,99.56721325989696,0.0,0.0,0.0,0.0,0.0,1.99826403567514,99.59860121436212,0,0.0
0.5078125,0.5078125,0.7421875,0.75,0.7734375,0.796875,0.0,0.0,0.0,0.0,0.0,0.0,0.0,0.0,0.7734375,0.7578125,0.6328125,0.625,33.33333333333333,75.08712045258673,75.08712045258673,75.08712045258673,0.0,0.0,0.0,2.005413876451163,99.56721325989696,0.0,0.0,0.0,0.0,0.0,2.019871994701664,99.59860121436212,0,0.0
0.5078125,0.5078125,0.7421875,0.75,0.7734375,0.796875,0.0,0.0,0.0,0.0,0.0,0.0,0.0,0.0,0.7734375,0.7578125,0.6328125,0.625,33.33333333333333,75.08712045258673,75.08712045258673,75.03567097593705,0.0,0.0,0.0,1.9866655279149428,99.56721325989696,0.0,0.0,0.0,0.0,0.0,1.99826403567514,99.59860121436212,0,0.0
0.5078125,0.5078125,0.7421875,0.75,0.7734375,0.796875,0.0,0.0,0.0,0.0,0.0,0.0,0.0,0.0,0.7734375,0.7578125,0.6328125,0.625,33.33333333333333,75.17165205325493,75.08712045258673,75.08712045258673,0.0,0.0,0.0,2.005413876451163,99.56721325989696,0.0,0.0,0.0,0.0,0.0,1.99826403567514,99.59860121436212,0,0.0
0.5078125,0.5078125,0.7421875,0.75,0.7734375,0.796875,0.0,0.0,0.0,0.0,0.0,0.0,0.0,0.0,0.7734375,0.7578125,0.6328125,0.625,33.33333333333333,75.08712045258673,75.08712045258673,75.08712045258673,0.0,0.0,0.0,1.9866655279149428,99.58261339398422,0.0,0.0,0.0,0.0,0.0,1.985029987096042,99.59860121436212,0,0.0
0.5078125,0.5078125,0.7421875,0.75,0.7734375,0.796875,0.0,0.0,0.0,0.0,0.0,0.0,0.0,0.0,0.7734375,0.7578125,0.6328125,0.625,33.33333333333333,75.08712045258673,75.08712045258673,75.08712045258673,0.0,0.0,0.0,2.005413876451163,99.58261339398422,0.0,0.0,0.0,0.0,0.0,1.99826403567514,99.59860121436212,0,0.0
0.5078125,0.5078125,0.7421875,0.75,0.7734375,0.796875,0.0,0.0,0.0,0.0,0.0,0.0,0.0,0.0,0.7734375,0.7578125,0.6328125,0.625,33.33333333333333,75.08712045258673,75.17165205325493,75.17165205325493,0.0,0.0,0.0,1.9988905993429007,99.58261339398422,0.0,0.0,0.0,0.0,0.0,1.9635241852618293,99.59860121436212,0,0.0
0.5078125,0.5078125,0.7421875,0.75,0.7734375,0.796875,0.0,0.0,0.0,0.0,0.0,0.0,0.0,0.0,0.7578125,0.7890625,0.6328125,0.6484375,33.33333333333333,75.08712045258673,75.08712045258673,75.08712045258673,0.0,0.0,0.0,2.005413876451163,99.58261339398422,0.0,0.0,0.0,0.0,0.0,1.99826403567514,99.59860121436212,0,0.0
0.5078125,0.5078125,0.7421875,0.75,0.7734375,0.796875,0.0,0.0,0.0,0.0,0.0,0.0,0.0,0.0,0.7578125,0.7890625,0.6328125,0.6484375,33.33333333333333,75.08712045258673,75.08712045258673,75.08712045258673,0.0,0.0,0.0,1.98256427663952,99.56721325989696,0.0,0.0,0.0,0.0,0.0,1.991380869449508,99.59860121436212,0,0.0
0.5078125,0.5078125,0.7421875,0.75,0.7734375,0.796875,0.0,0.0,0.0,0.0,0.0,0.0,0.0,0.0,0.7578125,0.7890625,0.6328125,0.6484375,33.33333333333333,75.08712045258673,75.03567097593705,75.08712045258673,0.0,0.0,0.0,1.9866655279149428,99.58261339398422,0.0,0.0,0.0,0.0,0.0,2.0113407534999705,99.59860121436212,0,0.0
0.5078125,0.5078125,0.7421875,0.75,0.7734375,0.796875,0.0,0.0,0.0,0.0,0.0,0.0,0.0,0.0,0.7578125,0.7890625,0.6328125,0.6484375,33.33333333333333,75.08712045258673,75.08712045258673,75.17165205325493,0.0,0.0,0.0,2.005413876451163,99.58261339398422,0.0,0.0,0.0,0.0,0.0,1.99826403567514,99.59860121436212,0,0.0
0.5078125,0.5078125,0.7421875,0.75,0.7734375,0.796875,0.0,0.0,0.0,0.0,0.0,0.0,0.0,0.0,0.7578125,0.7890625,0.6328125,0.6484375,33.33333333333333,75.09556825213421,74.71511135886922,74.71511135886922,0.0,0.0,0.0,2.036706851198669,99.58261339398422,0.0,0.0,0.0,0.0,0.0,2.0173995415094588,99.59860121436212,0,0.0
0.5078125,0.5078125,0.7421875,0.75,0.7734375,0.796875,0.0,0.0,0.0,0.0,0.0,0.0,0.0,0.0,0.7578125,0.7890625,0.6328125,0.6484375,33.33333333333333,74.71511135886922,74.71511135886922,74.71511135886922,0.0,0.0,0.0,2.01421461557245,99.58261339398422,0.0,0.0,0.0,0.0,0.0,2.010703720648176,99.59860121436212,0,0.0
0.5078125,0.5078125,0.7421875,0.75,0.7734375,0.796875,0.0,0.0,0.0,0.0,0.0,0.0,0.0,0.0,0.7578125,0.7890625,0.6328125,0.6484375,33.33333333333333,74.71511135886922,74.71511135886922,74.71511135886922,0.0,0.0,0.0,2.036706851198669,99.58261339398422,0.0,0.0,0.0,0.0,0.0,2.0043133678897447,99.59860121436212,0,0.0
0.5078125,0.5078125,0.7421875,0.75,0.7734375,0.796875,0.0,0.0,0.0,0.0,0.0,0.0,0.0,0.0,0.7578125,0.7890625,0.6328125,0.6484375,33.33333333333333,74.71511135886922,74.71511135886922,74.71511135886922,0.0,0.0,0.0,2.03733754080012,99.58261339398422,0.0,0.0,0.0,0.0,0.0,1.9879670395580704,99.59860121436212,0,0.0
0.5078125,0.5078125,0.7421875,0.75,0.7734375,0.796875,0.0,0.0,0.0,0.0,0.0,0.0,0.0,0.0,0.7578125,0.7890625,0.6328125,0.6484375,33.33333333333333,75.25760185388225,74.71511135886922,74.71511135886922,0.0,0.0,0.0,2.03733754080012,99.58261339398422,0.0,0.0,0.0,0.0,0.0,1.991475955932544,99.59860121436212,0,0.0
0.5078125,0.5078125,0.7421875,0.75,0.7734375,0.796875,0.0,0.0,0.0,0.0,0.0,0.0,0.0,0.0,0.7578125,0.7890625,0.6328125,0.6484375,33.33333333333333,74.71511135886922,74.71511135886922,74.71511135886922,0.0,0.0,0.0,2.0321277414920544,99.58261339398422,0.0,0.0,0.0,0.0,0.0,1.9879670395580704,99.59860121436212,0,0.0
0.5078125,0.5078125,0.7421875,0.75,0.7734375,0.796875,0.0,0.0,0.0,0.0,0.0,0.0,0.0,0.0,0.7578125,0.7890625,0.6328125,0.6484375,33.33333333333333,74.71511135886922,75.25760185388225,75.25760185388225,0.0,0.0,0.0,2.01421461557245,99.58261339398422,0.0,0.0,0.0,0.0,0.0,2.0043133678897447,99.89729973841142,0,0.0
0.5078125,0.5078125,0.7421875,0.75,0.7734375,0.796875,0.0,0.0,0.0,0.0,0.0,0.0,0.0,0.0,0.7578125,0.7890625,0.6328125,0.6484375,33.33333333333333,75.09556825213421,74.71511135886922,74.71511135886922,0.0,0.0,0.0,2.0321277414920544,99.6290069135852,0.0,0.0,0.0,0.0,0.0,1.9879670395580704,99.89729973841142,0,0.0
0.5078125,0.5078125,0.7421875,0.75,0.7734375,0.796875,0.0,0.0,0.0,0.0,0.0,0.0,0.0,0.0,0.7578125,0.7890625,0.6328125,0.6484375,33.33333333333333,74.71511135886922,74.71511135886922,74.71511135886922,0.0,0.0,0.0,2.0321277414920544,99.6290069135852,0.0,0.0,0.0,0.0,0.0,1.9879670395580704,99.89729973841142,0,0.0
0.5078125,0.5078125,0.7421875,0.75,0.7734375,0.796875,0.0,0.0,0.0,0.0,0.0,0.0,0.0,0.0,0.7578125,0.7890625,0.6328125,0.6484375,33.33333333333333,74.71511135886922,74.71511135886922,74.71511135886922,0.0,0.0,0.0,2.036706851198669,99.6290069135852,0.0,0.0,0.0,0.0,0.0,1.9879670395580704,99.89729973841142,0,0.0
0.5078125,0.5078125,0.7421875,0.75,0.7734375,0.796875,0.0,0.0,0.0,0.0,0.0,0.0,0.0,0.0,0.7578125,0.7890625,0.6328125,0.6484375,33.33333333333333,74.71511135886922,74.71511135886922,74.71511135886922,0.0,0.0,0.0,2.0321277414920544,99.6290069135852,0.0,0.0,0.0,0.0,0.0,1.9879670395580704,99.89729973841142,0,0.0
0.5078125,0.5078125,0.7421875,0.75,0.7734375,0.796875,0.0,0.0,0.0,0.0,0.0,0.0,0.0,0.0,0.7578125,0.7890625,0.6328125,0.6484375,33.33333333333333,75.25760185388225,74.71511135886922,74.71511135886922,0.0,0.0,0.0,2.0289715040282177,99.6290069135852,0.0,0.0,0.0,0.0,0.0,2.010155015218645,99.89729973841142,0,0.0
0.5078125,0.5078125,0.7421875,0.75,0.7734375,0.796875,0.0,0.0,0.0,0.0,0.0,0.0,0.0,0.0,0.7578125,0.7890625,0.6328125,0.6484375,33.33333333333333,74.71511135886922,74.71511135886922,74.71511135886922,0.0,0.0,0.0,2.027767748793717,99.6290069135852,0.0,0.0,0.0,0.0,0.0,2.0043133678897447,99.89729973841142,0,0.0
0.5078125,0.5078125,0.7421875,0.75,0.7734375,0.796875,0.0,0.0,0.0,0.0,0.0,0.0,0.0,0.0,0.7578125,0.7890625,0.6328125,0.6484375,33.33333333333333,74.71511135886922,75.25760185388225,74.71511135886922,0.0,0.0,0.0,2.036706851198669,99.6290069135852,0.0,0.0,0.0,0.0,0.0,1.9879670395580704,99.89729973841142,0,0.0
0.5078125,0.5078125,0.7421875,0.75,0.7734375,0.796875,0.0,0.0,0.0,0.0,0.0,0.0,0.0,0.0,0.7578125,0.7890625,0.6328125,0.6484375,33.33333333333333,74.71511135886922,74.71511135886922,74.71511135886922,0.0,0.0,0.0,2.03733754080012,99.6290069135852,0.0,0.0,0.0,0.0,0.0,2.0173995415094588,99.89729973841142,0,0.0
0.5078125,0.5078125,0.7421875,0.75,0.7734375,0.796875,0.0,0.0,0.0,0.0,0.0,0.0,0.0,0.0,0.7578125,0.7890625,0.6328125,0.6484375,33.33333333333333,75.25760185388225,74.71511135886922,74.71511135886922,0.0,0.0,0.0,2.006255950237342,99.6290069135852,0.0,0.0,0.0,0.0,0.0,2.0070483206124714,99.89729973841142,0,0.0
0.5078125,0.5078125,0.7421875,0.75,0.7734375,0.796875,0.0,0.0,0.0,0.0,0.0,0.0,0.0,0.0,0.7578125,0.7890625,0.6328125,0.6484375,33.33333333333333,74.71511135886922,74.71511135886922,74.71511135886922,0.0,0.0,0.0,2.0289715040282177,99.6290069135852,0.0,0.0,0.0,0.0,0.0,2.010155015218645,99.89729973841142,0,0.0
0.5078125,0.5078125,0.7421875,0.75,0.7734375,0.796875,0.0,0.0,0.0,0.0,0.0,0.0,0.0,0.0,0.7578125,0.7890625,0.6328125,0.6484375,33.33333333333333,74.71511135886922,74.71511135886922,74.71511135886922,0.0,0.0,0.0,2.0289715040282177,99.6290069135852,0.0,0.0,0.0,0.0,0.0,2.010155015218645,99.5009229194026,0,0.0
0.5078125,0.5078125,0.7421875,0.75,0.7734375,0.796875,0.0,0.0,0.0,0.0,0.0,0.0,0.0,0.0,0.7578125,0.7890625,0.6328125,0.6484375,33.33333333333333,74.71511135886922,74.71511135886922,74.71511135886922,0.0,0.0,0.0,2.01421461557245,99.6290069135852,0.0,0.0,0.0,0.0,0.0,1.9879670395580704,99.5009229194026,0,0.0
0.5078125,0.5078125,0.7421875,0.75,0.7734375,0.796875,0.0,0.0,0.0,0.0,0.0,0.0,0.0,0.0,0.7578125,0.7890625,0.6328125,0.6484375,33.33333333333333,74.71511135886922,74.71511135886922,75.25760185388225,0.0,0.0,0.0,2.0321277414920544,99.6290069135852,0.0,0.0,0.0,0.0,0.0,1.9879670395580704,99.5009229194026,0,0.0
0.5078125,0.5078125,0.7421875,0.75,0.7734375,0.796875,0.0,0.0,0.0,0.0,0.0,0.0,0.0,0.0,0.7578125,0.7890625,0.6328125,0.6484375,33.33333333333333,75.12374115069395,74.91487366453104,75.12374115069395,0.0,0.0,0.0,1.985410035176849,99.53115615734924,0.0,0.0,0.0,0.0,0.0,1.988357442588882,99.5009229194026,0,0.0
0.5078125,0.5078125,0.7421875,0.75,0.7734375,0.796875,0.0,0.0,0.0,0.0,0.0,0.0,0.0,0.0,0.7578125,0.7890625,0.6328125,0.6484375,33.33333333333333,75.12374115069395,75.12374115069395,75.12374115069395,0.0,0.0,0.0,1.985410035176849,99.53115615734924,0.0,0.0,0.0,0.0,0.0,2.011611879011021,99.5009229194026,0,0.0
0.5078125,0.5078125,0.7421875,0.75,0.7734375,0.796875,0.0,0.0,0.0,0.0,0.0,0.0,0.0,0.0,0.7578125,0.7890625,0.6328125,0.6484375,33.33333333333333,75.12374115069395,75.12374115069395,74.91487366453104,0.0,0.0,0.0,2.000474902952593,99.53115615734924,0.0,0.0,0.0,0.0,0.0,2.0055724441305265,99.5009229194026,0,0.0
0.5078125,0.5078125,0.7421875,0.75,0.7734375,0.796875,0.0,0.0,0.0,0.0,0.0,0.0,0.0,0.0,0.7578125,0.7890625,0.6328125,0.6484375,33.33333333333333,75.12374115069395,74.872921406364,75.12374115069395,0.0,0.0,0.0,1.985410035176849,99.53115615734924,0.0,0.0,0.0,0.0,0.0,2.0055724441305265,99.5009229194026,0,0.0
0.5078125,0.5078125,0.7421875,0.75,0.7734375,0.796875,0.0,0.0,0.0,0.0,0.0,0.0,0.0,0.0,0.7578125,0.7890625,0.6328125,0.6484375,33.33333333333333,75.12374115069395,75.12374115069395,75.12374115069395,0.0,0.0,0.0,1.985410035176849,99.53115615734924,0.0,0.0,0.0,0.0,0.0,1.997304481503003,99.88234693196893,0,0.0
0.5078125,0.5078125,0.7421875,0.75,0.7734375,0.796875,0.0,0.0,0.0,0.0,0.0,0.0,0.0,0.0,0.7578125,0.7890625,0.6328125,0.6484375,33.33333333333333,75.12374115069395,75.12374115069395,74.91487366453104,0.0,0.0,0.0,1.9975660775411277,99.53115615734924,0.0,0.0,0.0,0.0,0.0,2.023446676063426,99.88234693196893,0,0.0
0.5078125,0.5078125,0.7421875,0.75,0.7734375,0.796875,0.0,0.0,0.0,0.0,0.0,0.0,0.0,0.0,0.7578125,0.7890625,0.6328125,0.6484375,33.33333333333333,75.12374115069395,75.12374115069395,75.12374115069395,0.0,0.0,0.0,1.9975660775411277,99.53115615734924,0.0,0.0,0.0,0.0,0.0,2.023446676063426,99.88234693196893,0,0.0
0.5078125,0.5078125,0.7421875,0.75,0.7734375,0.796875,0.0,0.0,0.0,0.0,0.0,0.0,0.0,0.0,0.7578125,0.7890625,0.6328125,0.6484375,33.33333333333333,74.872921406364,75.12374115069395,75.12374115069395,0.0,0.0,0.0,1.985410035176849,99.53115615734924,0.0,0.0,0.0,0.0,0.0,1.988357442588882,99.88234693196893,0,0.0
0.5078125,0.5078125,0.7421875,0.75,0.7734375,0.796875,0.0,0.0,0.0,0.0,0.0,0.0,0.0,0.0,0.7578125,0.7890625,0.6328125,0.6484375,33.33333333333333,75.12374115069395,75.12374115069395,75.12374115069395,0.0,0.0,0.0,1.9975660775411277,99.53115615734924,0.0,0.0,0.0,0.0,0.0,2.0055724441305265,99.88234693196893,0,0.0
0.5078125,0.5078125,0.7421875,0.75,0.7734375,0.796875,0.0,0.0,0.0,0.0,0.0,0.0,0.0,0.0,0.7578125,0.7890625,0.6328125,0.6484375,33.33333333333333,75.12374115069395,75.12374115069395,75.12374115069395,0.0,0.0,0.0,1.985410035176849,99.53115615734924,0.0,0.0,0.0,0.0,0.0,1.988357442588882,99.88234693196893,0,0.0
0.5078125,0.5078125,0.7421875,0.75,0.7734375,0.796875,0.0,0.0,0.0,0.0,0.0,0.0,0.0,0.0,0.7578125,0.7890625,0.6328125,0.6484375,33.33333333333333,74.91487366453104,75.12374115069395,75.12374115069395,0.0,0.0,0.0,1.985410035176849,99.53115615734924,0.0,0.0,0.0,0.0,0.0,2.023446676063426,99.88234693196893,0,0.0
0.5078125,0.5078125,0.7421875,0.75,0.7734375,0.796875,0.0,0.0,0.0,0.0,0.0,0.0,0.0,0.0,0.7578125,0.7890625,0.6328125,0.6484375,33.33333333333333,75.12374115069395,75.12374115069395,75.12374115069395,0.0,0.0,0.0,1.985410035176849,99.53115615734924,0.0,0.0,0.0,0.0,0.0,1.988357442588882,99.88234693196893,0,0.0
0.5078125,0.5078125,0.7421875,0.75,0.7734375,0.796875,0.0,0.0,0.0,0.0,0.0,0.0,0.0,0.0,0.7578125,0.7890625,0.6328125,0.6484375,33.33333333333333,75.12374115069395,75.12374115069395,75.12374115069395,0.0,0.0,0.0,2.026619293644293,99.85144166462273,0.0,0.0,0.0,0.0,0.0,2.023446676063426,99.88234693196893,0,0.0
0.5078125,0.5078125,0.7421875,0.75,0.7734375,0.796875,0.0,0.0,0.0,0.0,0.0,0.0,0.0,0.0,0.7578125,0.7890625,0.6328125,0.6484375,33.33333333333333,74.872921406364,75.12374115069395,74.872921406364,0.0,0.0,0.0,1.985410035176849,99.85144166462273,0.0,0.0,0.0,0.0,0.0,2.023446676063426,99.88234693196893,0,0.0
0.5078125,0.5078125,0.7421875,0.75,0.7734375,0.796875,0.0,0.0,0.0,0.0,0.0,0.0,0.0,0.0,0.7578125,0.7890625,0.6328125,0.6484375,33.33333333333333,75.12374115069395,75.12374115069395,75.12374115069395,0.0,0.0,0.0,1.9975660775411277,99.85144166462273,0.0,0.0,0.0,0.0,0.0,2.023446676063426,99.88234693196893,0,0.0
0.5078125,0.5078125,0.7421875,0.75,0.7734375,0.796875,0.0,0.0,0.0,0.0,0.0,0.0,0.0,0.0,0.7578125,0.7890625,0.6328125,0.6484375,33.33333333333333,75.12374115069395,75.12374115069395,75.12374115069395,0.0,0.0,0.0,1.979195419917487,99.85144166462273,0.0,0.0,0.0,0.0,0.0,2.035671038225019,99.74995560445196,0,0.0
0.5078125,0.5078125,0.7421875,0.75,0.7734375,0.796875,0.0,0.0,0.0,0.0,0.0,0.0,0.0,0.0,0.7578125,0.7890625,0.6328125,0.6484375,33.33333333333333,75.12374115069395,75.12374115069395,74.91487366453104,0.0,0.0,0.0,1.985410035176849,99.53115615734924,0.0,0.0,0.0,0.0,0.0,2.004031182389137,99.74995560445196,0,0.0
0.5078125,0.5078125,0.7421875,0.75,0.7734375,0.796875,0.0,0.0,0.0,0.0,0.0,0.0,0.0,0.0,0.7578125,0.7890625,0.6328125,0.6484375,33.33333333333333,75.12374115069395,75.12374115069395,75.12374115069395,0.0,0.0,0.0,1.985410035176849,99.53115615734924,0.0,0.0,0.0,0.0,0.0,2.023446676063426,99.74995560445196,0,0.0
0.5078125,0.5078125,0.7421875,0.75,0.7734375,0.796875,0.0,0.0,0.0,0.0,0.0,0.0,0.0,0.0,0.7578125,0.7890625,0.6328125,0.6484375,33.33333333333333,75.12374115069395,75.12374115069395,75.12374115069395,0.0,0.0,0.0,1.9721922976050212,99.62223057285895,0.0,0.0,0.0,0.0,0.0,2.03445106244143,99.74995560445196,0,0.0
0.5078125,0.5078125,0.7421875,0.75,0.7734375,0.796875,0.0,0.0,0.0,0.0,0.0,0.0,0.0,0.0,0.7578125,0.7890625,0.6328125,0.6484375,33.33333333333333,75.12374115069395,75.12374115069395,74.872921406364,-2.0163442861095957,2.4865666722266613,-0.2358373610675886,1.976836920867043,99.8640311488894,0.0,-0.631012060125806,0.0,0.0,0.0,2.0332348992102736,99.74995560445196,0,0.0
0.5078125,0.5078125,0.7421875,0.75,0.7734375,0.796875,0.0,0.0,0.0,0.0,0.0,0.0,0.0,0.0,0.7578125,0.7890625,0.6328125,0.6484375,33.33333333333333,74.94089733422653,74.94089733422653,74.94089733422653,-4.752101986174,6.229429281526681,-2.8604423516957,2.014414194775692,99.8640311488894,0.0,2.4762258282318204,0.0,0.0,0.0,2.0267979364719118,99.74995560445196,0,0.0
0.5078125,0.5078125,0.7421875,0.75,0.7734375,0.796875,0.0,0.0,0.0,0.0,0.0,0.0,0.0,0.0,0.7578125,0.7890625,0.6328125,0.6484375,33.33333333333333,74.93230423997443,74.94089733422653,74.94089733422653,-4.079834705019762,6.158798477109928,-4.058994671547963,2.027051558198741,99.8640311488894,0.0,4.476643264293896,0.0,0.0,0.0,2.0244791261081385,99.74995560445196,0,0.0
0.5078125,0.5078125,0.7421875,0.75,0.7734375,0.796875,0.0,0.0,0.0,0.0,0.0,0.0,0.0,0.0,0.7578125,0.7890625,0.6328125,0.6484375,33.33333333333333,74.94089733422653,74.92822824571783,74.94089733422653,-2.895564665474389,5.0805381343414,-4.957362077515314,1.9870368553115525,99.8640311488894,0.0,6.119459310966809,0.0,0.0,0.0,2.001293745325825,99.53093108210535,0,0.0
0.5078125,0.5078125,0.7421875,0.75,0.7734375,0.796875,0.0,0.0,0.0,0.0,0.0,0.0,0.0,0.0,0.7578125,0.7890625,0.6328125,0.6484375,33.33333333333333,74.94089733422653,74.94089733422653,74.93230423997443,-1.652707224066808,3.406954945539089,-5.539289783637876,1.9796807485722876,99.8640311488894,0.0,7.09715244450596,0.0,0.0,0.0,1.9912592255878,99.53093108210535,0,0.0
0.5078125,0.5078125,0.7421875,0.75,0.7734375,0.796875,0.0,0.0,0.0,0.0,0.0,0.0,0.0,0.0,0.7578125,0.7890625,0.6328125,0.6484375,33.33333333333333,74.94089733422653,74.94089733422653,74.94089733422653,-0.2968827104801904,1.2166959643549786,-4.344150768649173,2.027051558198741,99.8640311488894,0.0,5.467080134804867,0.0,0.0,0.0,2.0267979364719118,99.53093108210535,0,0.0
0.5078125,0.5078125,0.7421875,0.75,0.7734375,0.796875,0.0,0.0,0.0,0.0,0.0,0.0,0.0,0.0,0.7578125,0.7890625,0.6328125,0.6484375,33.33333333333333,74.93230423997443,74.94089733422653,74.94089733422653,1.9779490914877884,-2.629616972449804,-1.83724233733576,1.9835064624446992,99.8640311488894,89.86403114888941,2.212814754615429,0.0,0.0,0.0,1.9994713714369805,99.53093108210535,0,0.0
0.5078125,0.5078125,0.7421875,0.75,0.7734375,0.796875,0.0,0.0,0.0,0.0,0.0,0.0,0.0,0.0,0.7578125,0.7890625,0.6328125,0.6484375,33.33333333333333,74.94089733422653,74.93230423997443,74.94089733422653,3.4798617866250225,-4.676906370797866,-2.9838713000866166,2.003474809999968,99.81947214040784,89.86403114888941,3.614737394866264,0.0,0.0,0.0,2.013050458356019,99.53093108210535,0,0.0
0.5078125,0.5078125,0.7421875,0.75,0.7734375,0.796875,0.0,0.0,0.0,0.0,0.0,0.0,0.0,0.0,0.7578125,0.7890625,0.6328125,0.6484375,33.33333333333333,74.94089733422653,74.94089733422653,74.94089733422653,0.0,0.0,0.0,2.003474809999968,99.81947214040784,89.86403114888941,0.0,0.0,0.0,0.0,2.009168779755769,99.6652357874078,0,0.0
0.5078125,0.5078125,0.7421875,0.75,0.7734375,0.796875,0.0,0.0,0.0,0.0,0.0,0.0,0.0,0.0,0.7578125,0.7890625,0.6328125,0.6484375,33.33333333333333,74.94089733422653,74.94089733422653,74.94089733422653,0.0,0.0,0.0,2.016690726320641,99.72546011571646,90.0449322561243,0.0,0.0,0.0,0.0,2.000886053658173,99.95191662058971,0,0.0
0.5078125,0.5078125,0.7421875,0.75,0.7734375,0.796875,0.0,0.0,0.0,0.0,0.0,0.0,0.0,0.0,0.7578125,0.7890625,0.6328125,0.6484375,33.33333333333333,74.94089733422653,74.94089733422653,74.92822824571783,0.0,0.0,0.0,2.027051558198741,99.72546011571646,90.0449322561243,0.0,0.0,0.0,0.0,2.002678967836493,99.95191662058971,0,0.0
0.5078125,0.5078125,0.7421875,0.75,0.7734375,0.796875,0.0,0.0,0.0,0.0,0.0,0.0,0.0,0.0,0.7578125,0.7890625,0.6328125,0.6484375,33.33333333333333,74.94089733422653,74.93230423997443,74.94089733422653,-1.4571789161395006,1.364476407584047,1.1978926720317966,2.0069781299173197,99.72546011571646,90.0449322561243,-1.3899331961078945,0.0,0.0,0.0,1.9912592255878,99.95191662058971,0,0.0
0.5078125,0.5078125,0.7421875,0.75,0.7734375,0.796875,0.0,0.0,0.0,0.0,0.0,0.0,0.0,0.0,0.7578125,0.7890625,0.6328125,0.6484375,33.33333333333333,74.94089733422653,74.94089733422653,74.94089733422653,-4.223725727414735,4.6442962443432885,3.234240613184653,2.012364253730158,99.72546011571646,90.0449322561243,-3.671695664090406,0.0,0.0,0.0,1.9679632093566712,99.95191662058971,0,0.0
0.5078125,0.5078125,0.7421875,0.75,0.7734375,0.796875,0.0,0.0,0.0,0.0,0.0,0.0,0.0,0.0,0.7578125,0.7890625,0.6328125,0.6484375,33.33333333333333,74.92822824571783,74.94089733422653,74.94089733422653,-0.5311930312388873,0.3194447239407705,2.29187472717413,2.0069781299173197,99.72546011571646,90.0449322561243,-2.715958194426509,0.0,0.0,0.0,2.0267979364719118,99.95191662058971,0,0.0
0.4921875,0.5078125,0.7421875,0.75,0.7734375,0.796875,0.0,0.0,0.0,0.0,0.0,0.0,0.0,0.0,0.7578125,0.7890625,0.6328125,0.6484375,33.33333333333333,74.94089733422653,74.94089733422653,74.94089733422653,1.2771104441721572,-2.1659059707046944,5.413279876404874,1.9870368553115525,99.72546011571646,90.0449322561243,-6.807198984083564,0.0,0.0,0.0,1.9994713714369805,99.95191662058971,0,0.0
0.4921875,0.5078125,0.7421875,0.75,0.7734375,0.796875,0.0,0.0,0.0,0.0,0.0,0.0,0.0,0.0,0.7578125,0.7890625,0.6328125,0.6484375,33.33333333333333,74.94089733422653,74.93230423997443,74.94089733422653,2.552746175330709,-4.0220644481115615,5.122987014836853,2.027051558198741,99.72546011571646,90.0449322561243,-6.654111706069805,0.0,0.0,0.0,1.9912592255878,99.95191662058971,0,0.0
0.4921875,0.5078125,0.7421875,0.75,0.7734375,0.796875,0.0,0.0,0.0,0.0,0.0,0.0,0.0,0.0,0.7578125,0.7890625,0.6328125,0.6484375,33.33333333333333,74.94089733422653,74.94089733422653,74.94089733422653,3.737181890830348,-5.513953528494735,4.294499321562072,2.01036889170747,99.72546011571646,90.0449322561243,-5.518522778031218,0.0,0.0,0.0,1.9912592255878,99.95191662058971,0,0.0
0.4921875,0.5078125,0.7421875,0.75,0.7734375,0.796875,0.0,0.0,0.0,0.0,0.0,0.0,0.0,0.0,0.7578125,0.7890625,0.6328125,0.6484375,33.33333333333333,74.94089733422653,74.94089733422653,74.94089733422653,4.712726923207173,-6.366908260890133,3.21875376458269,2.027051558198741,99.72546011571646,90.0449322561243,-3.801610325588759,0.0,0.0,0.0,2.002678967836493,99.95191662058971,0,0.0
0.4921875,0.5078125,0.7421875,0.75,0.7734375,0.796875,0.0,0.0,0.0,0.0,0.0,0.0,0.0,0.0,0.7578125,0.7890625,0.6328125,0.6484375,33.33333333333333,74.94089733422653,74.94089733422653,74.94089733422653,3.715214695015644,-4.698853565634489,1.8517034762668856,1.9870368553115525,99.72546011571646,90.0449322561243,-1.576049720559185,0.0,0.0,0.0,1.9994713714369805,99.95191662058971,0,0.0
0.4921875,0.5078125,0.7421875,0.75,0.7734375,0.796875,0.0,0.0,0.0,0.0,0.0,0.0,0.0,0.0,0.7578125,0.7890625,0.6328125,0.6484375,33.33333333333333,74.94089733422653,74.93230423997443,74.94089733422653,1.1194411357886185,-1.293504329689512,-1.0833123532250322,2.027051558198741,99.72546011571646,90.0449322561243,1.5924363786042937,0.0,0.0,0.0,2.002678967836493,99.95191662058971,0,0.0
0.4921875,0.5078125,0.7421875,0.75,0.7734375,0.796875,0.0,0.0,0.0,0.0,0.0,0.0,0.0,0.0,0.7578125,0.7890625,0.6328125,0.6484375,33.33333333333333,74.94089733422653,74.94089733422653,74.94089733422653,3.255802717178786,-3.5850980999504904,-4.37007849137421,1.9870368553115525,99.72546011571646,90.0449322561243,5.303562499208891,0.0,0.0,0.0,2.001293745325825,99.53093108210535,0,0.0
0.4921875,0.5078125,0.7421875,0.75,0.7734375,0.796875,0.0,0.0,0.0,0.0,0.0,0.0,0.0,0.0,0.7578125,0.7890625,0.6328125,0.6484375,33.33333333333333,75.00365080363862,75.00365080363862,75.00365080363862,0.7897471343457738,-0.9275038048615196,-0.8422325923964132,2.0027925676989717,99.72546011571646,90.0449322561243,1.3387125203749612,0.0,0.0,0.0,1.9840980952608265,99.58393747485223,0,0.0
0.4921875,0.5078125,0.7421875,0.75,0.7734375,0.796875,0.0,0.0,0.0,0.0,0.0,0.0,0.0,0.0,0.7578125,0.7890625,0.6328125,0.6484375,33.33333333333333,75.00365080363862,75.00365080363862,75.00365080363862,0.0,0.0,0.0,1.9717107582684648,99.9860495370742,90.10949281821334,0.0,0.0,0.0,0.0,2.0102283354064823,99.70820055589957,0,0.0
0.4921875,0.5078125,0.7421875,0.75,0.7734375,0.796875,0.0,0.0,0.0,0.0,0.0,0.0,0.0,0.0,0.7578125,0.7890625,0.6328125,0.6484375,33.33333333333333,75.00365080363862,75.00631086171079,75.00365080363862,0.0,0.0,0.0,1.986499178299572,99.9860495370742,0.0,0.0,0.0,0.0,0.0,1.9856543834116167,99.70820055589957,0,0.0
0.4921875,0.5078125,0.7421875,0.75,0.7734375,0.796875,0.0,0.0,0.0,0.0,0.0,0.0,0.0,0.0,0.7578125,0.7890625,0.6328125,0.6484375,33.33333333333333,75.00365080363862,75.00365080363862,75.00631086171079,0.0,0.0,0.0,1.9936437612284,99.9860495370742,0.0,0.0,0.0,0.0,0.0,1.9924844672945528,99.70820055589957,0,0.0
0.4921875,0.5078125,0.7421875,0.75,0.7734375,0.796875,0.0,0.0,0.0,0.0,0.0,0.0,0.0,0.0,0.7578125,0.7890625,0.6328125,0.6484375,33.33333333333333,75.00365080363862,75.00365080363862,75.00365080363862,-1.5068068566967845,1.6334783136612692,1.8790059271384416,2.0221986249674258,99.9860495370742,0.0,-2.0532097692254325,0.0,0.0,0.0,1.9926094529635656,99.70820055589957,0,0.0
0.4921875,0.5078125,0.7421875,0.75,0.7734375,0.796875,0.0,0.0,0.0,0.0,0.0,0.0,0.0,0.0,0.7578125,0.7890625,0.6328125,0.6484375,33.33333333333333,75.00631086171079,75.00365080363862,75.00365080363862,-3.1523354911953665,3.34877104334093,4.458744686941201,2.005156840030208,99.9860495370742,0.0,-5.015478107329338,0.0,0.0,0.0,1.990836638082212,99.70820055589957,0,0.0
0.4921875,0.5078125,0.7421875,0.75,0.7734375,0.796875,0.0,0.0,0.0,0.0,0.0,0.0,0.0,0.0,0.7578125,0.7890625,0.6328125,0.6484375,33.33333333333333,75.00365080363862,75.00365080363862,75.00365080363862,0.0,0.0,0.0,2.0169503826566046,99.52820274848862,0.0,0.0,0.0,0.0,0.0,2.018270709640715,99.70820055589957,0,0.0
0.4921875,0.5078125,0.7421875,0.75,0.7734375,0.796875,0.0,0.0,0.0,0.0,0.0,0.0,0.0,0.0,0.7578125,0.7890625,0.6328125,0.6484375,33.33333333333333,75.00365080363862,75.00365080363862,75.00365080363862,0.0,0.0,0.0,2.001353719859951,99.52820274848862,0.0,0.0,0.0,0.0,0.0,2.0104457955955333,99.7227783702562,0,0.0
0.4921875,0.5078125,0.7421875,0.75,0.7734375,0.796875,0.0,0.0,0.0,0.0,0.0,0.0,0.0,0.0,0.7578125,0.7890625,0.6328125,0.6484375,33.33333333333333,75.00365080363862,75.00365080363862,75.00631086171079,0.0,0.0,0.0,2.0169503826566046,99.59550758897068,0.0,0.0,0.0,0.0,0.0,1.9856543834116167,99.7227783702562,0,0.0
0.4921875,0.5078125,0.7421875,0.75,0.7734375,0.796875,0.0,0.0,0.0,0.0,0.0,0.0,0.0,0.0,0.7578125,0.7890625,0.6328125,0.6484375,33.33333333333333,75.00631086171079,75.00631086171079,75.00365080363862,0.0,0.0,0.0,2.0554805221417,99.75132461452232,0.0,0.0,0.0,0.0,0.0,1.97346356692612,99.7227783702562,0,0.0
0.4921875,0.5078125,0.7421875,0.75,0.7734375,0.796875,0.0,0.0,0.0,0.0,0.0,0.0,0.0,0.0,0.7578125,0.7890625,0.6328125,0.6484375,33.33333333333333,75.00365080363862,75.00365080363862,75.00365080363862,0.0,0.0,0.0,2.001353719859951,99.75132461452232,0.0,0.0,0.0,0.0,0.0,1.97346356692612,99.7227783702562,0,0.0
0.4921875,0.5078125,0.7421875,0.75,0.7734375,0.796875,0.0,0.0,0.0,0.0,0.0,0.0,0.0,0.0,0.7578125,0.7890625,0.6328125,0.6484375,33.33333333333333,75.00365080363862,75.00365080363862,75.00631086171079,0.0,0.0,0.0,2.001353719859951,99.75132461452232,0.0,0.0,0.0,0.0,0.0,1.97346356692612,99.7227783702562,0,0.0
0.4921875,0.5078125,0.7421875,0.75,0.7734375,0.796875,0.0,0.0,0.0,0.0,0.0,0.0,0.0,0.0,0.7578125,0.7890625,0.6328125,0.6484375,33.33333333333333,75.00365080363862,75.00365080363862,75.00365080363862,0.0,0.0,0.0,2.016946241494616,99.75132461452232,0.0,0.0,0.0,0.0,0.0,2.018270709640715,99.7227783702562,0,0.0
0.4921875,0.5078125,0.7421875,0.75,0.7734375,0.796875,0.0,0.0,0.0,0.0,0.0,0.0,0.0,0.0,0.7578125,0.7890625,0.6328125,0.6484375,33.33333333333333,75.00631086171079,75.00631086171079,75.00365080363862,0.0,0.0,0.0,2.0554805221417,99.75132461452232,0.0,0.0,0.0,0.0,0.0,2.018270709640715,99.7227783702562,0,0.0
0.4921875,0.5078125,0.7421875,0.75,0.7734375,0.796875,0.0,0.0,0.0,0.0,0.0,0.0,0.0,0.0,0.7578125,0.7890625,0.6328125,0.6484375,33.33333333333333,75.00365080363862,75.00365080363862,75.00365080363862,0.0,0.0,0.0,2.0169503826566046,99.52820274848862,0.0,0.0,0.0,0.0,0.0,1.9840731180600184,99.7227783702562,0,0.0
0.4921875,0.5078125,0.7421875,0.75,0.7734375,0.796875,0.0,0.0,0.0,0.0,0.0,0.0,0.0,0.0,0.7578125,0.7890625,0.6328125,0.6484375,33.33333333333333,75.00365080363862,75.00365080363862,75.00365080363862,0.0,0.0,0.0,1.9956044903847023,99.62988092302932,0.0,0.0,0.0,0.0,0.0,1.977779146267663,99.57837027436972,0,0.0
0.4921875,0.5078125,0.7421875,0.75,0.7734375,0.796875,0.0,0.0,0.0,0.0,0.0,0.0,0.0,0.0,0.7578125,0.7890625,0.6328125,0.6484375,33.33333333333333,75.00365080363862,75.00365080363862,75.1345748857473,0.0,0.0,0.0,2.0554805221417,99.75132461452232,0.0,0.0,0.0,0.0,0.0,1.97346356692612,99.57837027436972,0,0.0
0.4921875,0.5078125,0.7421875,0.75,0.7734375,0.796875,0.0,0.0,0.0,0.0,0.0,0.0,0.0,0.0,0.7578125,0.7890625,0.6328125,0.6484375,33.33333333333333,75.00365080363862,75.00365080363862,75.00365080363862,0.0,0.0,0.0,2.0169503826566046,99.59550758897068,0.0,0.0,0.0,0.0,0.0,1.9840731180600184,99.57837027436972,0,0.0
0.4921875,0.5078125,0.7421875,0.75,0.7734375,0.796875,0.0,0.0,0.0,0.0,0.0,0.0,0.0,0.0,0.7578125,0.7890625,0.6328125,0.6484375,33.33333333333333,75.00365080363862,75.00365080363862,75.00365080363862,0.0,0.0,0.0,2.0554805221417,99.75132461452232,0.0,0.0,0.0,0.0,0.0,1.9856543834116167,99.57837027436972,0,0.0
0.4921875,0.5078125,0.7421875,0.75,0.7734375,0.796875,0.0,0.0,0.0,0.0,0.0,0.0,0.0,0.0,0.7578125,0.7890625,0.6328125,0.6484375,33.33333333333333,75.00631086171079,75.00365080363862,75.00365080363862,0.0,0.0,0.0,2.034690972141158,99.75132461452232,0.0,0.0,0.0,0.0,0.0,2.0104457955955333,99.7227783702562,0,0.0
0.4921875,0.5078125,0.7421875,0.75,0.7734375,0.796875,0.0,0.0,0.0,0.0,0.0,0.0,0.0,0.0,0.7578125,0.7890625,0.6328125,0.6484375,33.33333333333333,74.97746695186477,75.04890564724768,74.97746695186477,0.0,0.0,0.0,1.9710765166421889,99.75132461452232,0.0,0.0,0.0,0.0,0.0,2.015501496606518,99.7227783702562,0,0.0
0.4921875,0.5078125,0.7421875,0.75,0.7734375,0.796875,0.0,0.0,0.0,0.0,0.0,0.0,0.0,0.0,0.7578125,0.7890625,0.6328125,0.6484375,33.33333333333333,74.97746695186477,74.97746695186477,75.09171807753968,0.0,0.0,0.0,1.9759386290747136,99.75132461452232,0.0,0.0,0.0,0.0,0.0,2.0349350049145367,99.7227783702562,0,0.0
0.4921875,0.5078125,0.7421875,0.75,0.7734375,0.796875,0.0,0.0,0.0,0.0,0.0,0.0,0.0,0.0,0.7578125,0.7890625,0.6328125,0.6484375,33.33333333333333,74.97746695186477,74.97746695186477,74.97746695186477,0.0,0.0,0.0,1.9836392033978905,99.99008178172475,0.0,0.0,0.0,0.0,0.0,2.000926553192576,99.7227783702562,0,0.0
0.4921875,0.5078125,0.7421875,0.75,0.7734375,0.796875,0.0,0.0,0.0,0.0,0.0,0.0,0.0,0.0,0.7578125,0.7890625,0.6328125,0.6484375,33.33333333333333,74.97746695186477,75.09171807753968,75.09171807753968,0.0,0.0,0.0,1.9836392033978905,99.99008178172475,0.0,0.0,0.0,0.0,0.0,2.000926553192576,99.7227783702562,0,0.0
0.4921875,0.5078125,0.7421875,0.75,0.7734375,0.796875,0.0,0.0,0.0,0.0,0.0,0.0,0.0,0.0,0.7578125,0.7890625,0.6328125,0.6484375,33.33333333333333,75.04890564724768,74.97746695186477,74.97746695186477,0.0,0.0,0.0,1.9759386290747136,99.99008178172475,0.0,0.0,0.0,0.0,0.0,2.0349350049145367,99.7227783702562,0,0.0
0.4921875,0.5078125,0.7421875,0.75,0.7734375,0.796875,0.0,0.0,0.0,0.0,0.0,0.0,0.0,0.0,0.7578125,0.7890625,0.6328125,0.6484375,33.33333333333333,74.97746695186477,74.97746695186477,75.09171807753968,0.0,0.0,0.0,1.9759386290747136,99.99008178172475,0.0,0.0,0.0,0.0,0.0,2.00397541168643,99.7227783702562,0,0.0
0.4921875,0.5078125,0.7421875,0.75,0.7734375,0.796875,0.0,0.0,0.0,0.0,0.0,0.0,0.0,0.0,0.7578125,0.7890625,0.6328125,0.6484375,33.33333333333333,74.97746695186477,74.97746695186477,74.97746695186477,0.0,0.0,0.0,1.9710765166421889,99.99008178172475,0.0,0.0,0.0,0.0,0.0,2.000926553192576,99.7227783702562,0,0.0
0.4921875,0.5078125,0.7421875,0.75,0.7734375,0.796875,0.0,0.0,0.0,0.0,0.0,0.0,0.0,0.0,0.7578125,0.7890625,0.6328125,0.6484375,33.33333333333333,75.09171807753968,74.97746695186477,75.09171807753968,0.0,0.0,0.0,1.9836392033978905,99.99008178172475,0.0,0.0,0.0,0.0,0.0,2.015501496606518,99.60415198195471,0,0.0
0.4921875,0.5078125,0.7421875,0.75,0.7734375,0.796875,0.0,0.0,0.0,0.0,0.0,0.0,0.0,0.0,0.7578125,0.7890625,0.6328125,0.6484375,33.33333333333333,74.97746695186477,75.09171807753968,74.97746695186477,0.0,0.0,0.0,1.9759386290747136,99.99008178172475,0.0,0.0,0.0,0.0,0.0,1.969371521990336,99.57415323678768,0,0.0
0.4921875,0.5078125,0.7421875,0.75,0.7734375,0.796875,0.0,0.0,0.0,0.0,0.0,0.0,0.0,0.0,0.7578125,0.7890625,0.6328125,0.6484375,33.33333333333333,74.97746695186477,74.97746695186477,75.09171807753968,0.0,0.0,0.0,2.005899208626447,99.99008178172475,0.0,0.0,0.0,0.0,0.0,1.9986246053089072,99.51185192351456,0,0.0
0.4921875,0.5078125,0.7421875,0.75,0.7734375,0.796875,0.0,0.0,0.0,0.0,0.0,0.0,0.0,0.0,0.7578125,0.7890625,0.6328125,0.6484375,33.33333333333333,74.97746695186477,74.97746695186477,74.97746695186477,0.0,0.0,0.0,1.9953087753487615,99.99008178172475,0.0,0.0,0.0,0.0,0.0,1.995155616897574,99.85421755142416,0,0.0
0.4921875,0.5078125,0.7421875,0.75,0.7734375,0.796875,0.0,0.0,0.0,0.0,0.0,0.0,0.0,0.0,0.7578125,0.7890625,0.6328125,0.6484375,33.33333333333333,74.97746695186477,74.97746695186477,75.09171807753968,0.0,0.0,0.0,1.9759386290747136,99.99008178172475,0.0,0.0,0.0,0.0,0.0,2.0349350049145367,99.85421755142416,0,0.0
0.4921875,0.5078125,0.7421875,0.75,0.7734375,0.796875,0.0,0.0,0.0,0.0,0.0,0.0,0.0,0.0,0.7578125,0.7890625,0.6328125,0.6484375,33.33333333333333,74.97746695186477,74.97746695186477,74.97746695186477,0.0,0.0,0.0,2.0044279497809327,99.99008178172475,0.0,0.0,0.0,0.0,0.0,1.9986246053089072,99.51185192351456,0,0.0
0.4921875,0.5234375,0.7421875,0.75,0.7734375,0.796875,0.0,0.0,0.0,0.0,0.0,0.0,0.0,0.0,0.7578125,0.7890625,0.6328125,0.6484375,33.33333333333333,74.97746695186477,75.04890564724768,75.09171807753968,0.0,0.0,0.0,1.9930210421454264,99.99008178172475,0.0,0.0,0.0,0.0,0.0,2.000926553192576,99.51185192351456,0,0.0
0.4921875,0.5234375,0.7421875,0.75,0.7734375,0.796875,0.0,0.0,0.0,0.0,0.0,0.0,0.0,0.0,0.7578125,0.7890625,0.6328125,0.6484375,33.33333333333333,74.97746695186477,74.97746695186477,74.97746695186477,0.0,0.0,0.0,1.9836392033978905,99.99008178172475,0.0,0.0,0.0,0.0,0.0,2.000926553192576,99.51185192351456,0,0.0
0.4921875,0.5234375,0.7421875,0.75,0.7734375,0.796875,0.0,0.0,0.0,0.0,0.0,0.0,0.0,0.0,0.7578125,0.7890625,0.6328125,0.6484375,33.33333333333333,74.97746695186477,74.97746695186477,75.09171807753968,0.0,0.0,0.0,1.9759386290747136,99.99008178172475,0.0,0.0,0.0,0.0,0.0,2.000926553192576,99.51185192351456,0,0.0
0.4921875,0.5234375,0.7421875,0.75,0.7734375,0.796875,0.0,0.0,0.0,0.0,0.0,0.0,0.0,0.0,0.7578125,0.7890625,0.6328125,0.6484375,33.33333333333333,75.09171807753968,75.09171807753968,74.97746695186477,0.0,0.0,0.0,1.9836392033978905,99.99008178172475,0.0,0.0,0.0,0.0,0.0,2.000926553192576,99.51185192351456,0,0.0
0.4921875,0.5234375,0.7421875,0.75,0.7734375,0.796875,0.0,0.0,0.0,0.0,0.0,0.0,0.0,0.0,0.7578125,0.7890625,0.6328125,0.6484375,33.33333333333333,74.97746695186477,74.97746695186477,75.09171807753968,0.0,0.0,0.0,1.9836392033978905,99.99008178172475,0.0,0.0,0.0,0.0,0.0,2.003615576160154,99.51185192351456,0,0.0
0.4921875,0.5234375,0.7421875,0.75,0.7734375,0.796875,0.0,0.0,0.0,0.0,0.0,0.0,0.0,0.0,0.7578125,0.7890625,0.6328125,0.6484375,33.33333333333333,74.97746695186477,74.97746695186477,74.97746695186477,0.0,0.0,0.0,1.9836392033978905,99.99008178172475,0.0,0.0,0.0,0.0,0.0,2.000926553192576,99.51185192351456,0,0.0
0.4921875,0.5234375,0.7421875,0.75,0.7734375,0.796875,0.0,0.0,0.0,0.0,0.0,0.0,0.0,0.0,0.7578125,0.7890625,0.6328125,0.6484375,33.33333333333333,74.97746695186477,74.97746695186477,75.09171807753968,0.0,0.0,0.0,2.0044279497809327,99.99008178172475,0.0,0.0,0.0,0.0,0.0,1.9958653908274824,99.51185192351456,0,0.0
0.4921875,0.5234375,0.7421875,0.75,0.7734375,0.796875,0.0,0.0,0.0,0.0,0.0,0.0,0.0,0.0,0.7578125,0.7890625,0.6328125,0.6484375,33.33333333333333,74.98773474086676,74.98773474086676,74.98773474086676,0.0,0.0,0.0,1.9884297356367024,99.99008178172475,0.0,0.0,0.0,0.0,0.0,1.9916484225050557,99.51185192351456,0,0.0
0.4921875,0.5234375,0.7421875,0.75,0.7734375,0.796875,0.0,0.0,0.0,0.0,0.0,0.0,0.0,0.0,0.7578125,0.7890625,0.6328125,0.6484375,33.33333333333333,74.98773474086676,74.86304894336351,74.86304894336351,0.0,0.0,0.0,1.9914703564712484,99.99008178172475,0.0,0.0,0.0,0.0,0.0,2.0064543033454942,99.50798516584456,0,0.0
0.4921875,0.5234375,0.7421875,0.75,0.7734375,0.796875,0.0,0.0,0.0,0.0,0.0,0.0,0.0,0.0,0.7578125,0.7890625,0.6328125,0.6484375,33.33333333333333,74.92163555179086,74.98773474086676,74.98773474086676,0.0,0.0,0.0,2.0031417849306377,99.99008178172475,0.0,0.0,0.0,0.0,0.0,2.0270964786844745,99.50798516584456,0,0.0
0.4921875,0.5234375,0.7421875,0.75,0.7734375,0.796875,0.0,0.0,0.0,0.0,0.0,0.0,0.0,0.0,0.7578125,0.7890625,0.6328125,0.6484375,33.33333333333333,74.98773474086676,74.98773474086676,74.98773474086676,0.0,0.0,0.0,1.9921162974466369,99.97422888913758,0.0,0.0,0.0,0.0,0.0,1.9989106349836148,99.95628373115728,0,0.0
0.4921875,0.5234375,0.7421875,0.75,0.7734375,0.796875,0.0,0.0,0.0,0.0,0.0,0.0,0.0,0.0,0.7578125,0.7890625,0.6328125,0.6484375,33.33333333333333,74.98773474086676,74.98773474086676,74.98773474086676,0.0,0.0,0.0,1.9921162974466369,99.97422888913758,0.0,0.0,0.0,0.0,0.0,1.9835093291204569,99.95628373115728,0,0.0
0.4921875,0.5234375,0.7421875,0.75,0.7734375,0.796875,0.0,0.0,0.0,0.0,0.0,0.0,0.0,0.0,0.7578125,0.7890625,0.6328125,0.6484375,33.33333333333333,74.98773474086676,74.98773474086676,74.98773474086676,0.0,0.0,0.0,1.9921162974466369,99.97422888913758,0.0,0.0,0.0,0.0,0.0,1.9989106349836148,99.95628373115728,0,0.0
0.4921875,0.5234375,0.7421875,0.75,0.7734375,0.796875,0.0,0.0,0.0,0.0,0.0,0.0,0.0,0.0,0.7578125,0.7890625,0.6328125,0.6484375,33.33333333333333,74.98773474086676,74.98773474086676,74.86304894336351,0.0,0.0,0.0,2.0031417849306377,99.97422888913758,0.0,0.0,0.0,0.0,0.0,1.975292027271248,99.95628373115728,0,0.0
0.4921875,0.5234375,0.7421875,0.75,0.7734375,0.796875,0.0,0.0,0.0,0.0,0.0,0.0,0.0,0.0,0.7578125,0.7890625,0.6328125,0.6484375,33.33333333333333,74.98773474086676,74.98773474086676,74.98773474086676,0.0,0.0,0.0,1.9884297356367024,99.97422888913758,0.0,0.0,0.0,0.0,0.0,1.9916484225050557,99.95628373115728,0,0.0
0.4921875,0.5234375,0.7421875,0.75,0.7734375,0.796875,0.0,0.0,0.0,0.0,0.0,0.0,0.0,0.0,0.7578125,0.7890625,0.6328125,0.6484375,33.33333333333333,74.98773474086676,74.92163555179086,74.98773474086676,0.0,0.0,0.0,1.9921162974466369,99.97422888913758,0.0,0.0,0.0,0.0,0.0,1.9954264068483725,99.95628373115728,0,0.0
0.4921875,0.5234375,0.7421875,0.75,0.7734375,0.796875,0.0,0.0,0.0,0.0,0.0,0.0,0.0,0.0,0.7578125,0.7890625,0.6328125,0.6484375,33.33333333333333,74.86304894336351,74.98773474086676,74.98773474086676,0.0,0.0,0.0,1.9921162974466369,99.97422888913758,0.0,0.0,0.0,0.0,0.0,1.9835093291204569,99.95628373115728,0,0.0
0.4921875,0.5234375,0.7578125,0.7578125,0.7734375,0.796875,0.0,0.0,0.0,0.0,0.0,0.0,0.0,0.0,0.7578125,0.7890625,0.6328125,0.6484375,33.33333333333333,74.98773474086676,74.98773474086676,74.98773474086676,0.0,0.0,0.0,2.0031417849306377,99.97422888913758,0.0,0.0,0.0,0.0,0.0,1.9835093291204569,99.95628373115728,0,0.0
0.4921875,0.5234375,0.7578125,0.7578125,0.7734375,0.7578125,0.0,0.0,0.0,0.0,0.0,0.0,0.0,0.0,0.7578125,0.7890625,0.6328125,0.6484375,33.33333333333333,74.98773474086676,74.98773474086676,74.86304894336351,0.0,0.0,0.0,2.0031417849306377,99.97422888913758,0.0,0.0,0.0,0.0,0.0,1.9916484225050557,99.95628373115728,0,0.0
0.4921875,0.5234375,0.7578125,0.7578125,0.7734375,0.7578125,0.0,0.0,0.0,0.0,0.0,0.0,0.0,0.0,0.7578125,0.7890625,0.6328125,0.6484375,33.33333333333333,74.98773474086676,74.86304894336351,74.86304894336351,0.0,0.0,0.0,1.9914703564712484,99.97422888913758,0.0,0.0,0.0,0.0,0.0,2.0064543033454942,99.50798516584456,0,0.0
0.4921875,0.5234375,0.7578125,0.7578125,0.7734375,0.7578125,0.0,0.0,0.0,0.0,0.0,0.0,0.0,0.0,0.7578125,0.7890625,0.6328125,0.6484375,33.33333333333333,74.98773474086676,74.98773474086676,74.98773474086676,0.0,0.0,0.0,1.9884297356367024,99.97422888913758,0.0,0.0,0.0,0.0,0.0,1.980974745745976,99.50798516584456,0,0.0
0.4921875,0.5234375,0.7578125,0.7578125,0.7734375,0.7578125,0.0,0.0,0.0,0.0,0.0,0.0,0.0,0.0,0.7578125,0.7890625,0.6328125,0.6484375,33.33333333333333,74.98773474086676,74.98773474086676,74.98773474086676,0.0,0.0,0.0,1.9921162974466369,99.97422888913758,0.0,0.0,0.0,0.0,0.0,1.9989106349836148,99.50798516584456,0,0.0
0.4921875,0.5234375,0.7578125,0.7578125,0.7734375,0.7578125,0.0,0.0,0.0,0.0,0.0,0.0,0.0,0.0,0.7578125,0.7890625,0.6328125,0.6484375,33.33333333333333,74.98773474086676,74.98773474086676,74.98773474086676,0.0,0.0,0.0,1.994217469790014,99.97422888913758,0.0,0.0,0.0,0.0,0.0,1.9696887721388776,99.50798516584456,0,0.0
0.4921875,0.5234375,0.7578125,0.7578125,0.7734375,0.7578125,0.0,0.0,0.0,0.0,0.0,0.0,0.0,0.0,0.7578125,0.7890625,0.6328125,0.6484375,33.33333333333333,74.98773474086676,74.98773474086676,74.98773474086676,0.0,0.0,0.0,1.9884297356367024,99.97422888913758,0.0,0.0,0.0,0.0,0.0,1.9916484225050557,99.50798516584456,0,0.0
0.4921875,0.5234375,0.7578125,0.7578125,0.7734375,0.7578125,0.0,0.0,0.0,0.0,0.0,0.0,0.0,0.0,0.7578125,0.7890625,0.6328125,0.6484375,33.33333333333333,74.98773474086676,74.98773474086676,74.98773474086676,0.0,0.0,0.0,1.9921162974466369,99.97422888913758,0.0,0.0,0.0,0.0,0.0,1.9989106349836148,99.50798516584456,0,0.0
0.4921875,0.5234375,0.7578125,0.7578125,0.7734375,0.7578125,0.0,0.0,0.0,0.0,0.0,0.0,0.0,0.0,0.7578125,0.7890625,0.6328125,0.6484375,33.33333333333333,74.92163555179086,74.98773474086676,74.98773474086676,0.0,0.0,0.0,1.9884297356367024,99.97422888913758,0.0,0.0,0.0,0.0,0.0,1.9916484225050557,99.50798516584456,0,0.0
0.4921875,0.5234375,0.7578125,0.7578125,0.7734375,0.7578125,0.0,0.0,0.0,0.0,0.0,0.0,0.0,0.0,0.7578125,0.7890625,0.6328125,0.6484375,33.33333333333333,74.98773474086676,74.92163555179086,74.92163555179086,0.0,0.0,0.0,1.9921162974466369,99.97422888913758,0.0,0.0,0.0,0.0,0.0,1.9989106349836148,99.8513406013736,0,0.0
0.4921875,0.5234375,0.7578125,0.7578125,0.7734375,0.7578125,0.0,0.0,0.0,0.0,0.0,0.0,0.0,0.0,0.7578125,0.7890625,0.6328125,0.6484375,33.33333333333333,75.00807351322467,75.00807351322467,75.00807351322467,0.0,0.0,0.0,2.012714441812113,99.97422888913758,0.0,0.0,0.0,0.0,0.0,2.017285338269425,99.8513406013736,0,0.0
0.4921875,0.5234375,0.7578125,0.7578125,0.7734375,0.7578125,0.0,0.0,0.0,0.0,0.0,0.0,0.0,0.0,0.7578125,0.7890625,0.6328125,0.6484375,33.33333333333333,75.00807351322467,75.00807351322467,75.00807351322467,0.0,0.0,0.0,2.012714441812113,99.97422888913758,0.0,0.0,0.0,0.0,0.0,2.0000930756569164,99.53721310832432,0,0.0
0.4921875,0.5234375,0.7578125,0.7578125,0.7734375,0.7578125,0.0,0.0,0.0,0.0,0.0,0.0,0.0,0.0,0.7578125,0.7890625,0.6328125,0.6484375,33.33333333333333,74.9911305121441,75.00807351322467,75.00807351322467,0.0,0.0,0.0,2.0204239111550417,99.97422888913758,0.0,0.0,0.0,0.0,0.0,1.9577219188814416,99.53721310832432,0,0.0
0.4921875,0.5234375,0.7578125,0.7578125,0.7734375,0.7578125,0.0,0.0,0.0,0.0,0.0,0.0,0.0,0.0,0.7578125,0.7890625,0.6328125,0.6484375,33.33333333333333,75.00807351322467,74.9911305121441,74.9716633171353,0.0,0.0,0.0,1.9927871837702988,99.54138590053716,0.0,0.0,0.0,0.0,0.0,1.9521545161353664,99.53721310832432,0,0.0
0.4921875,0.5234375,0.7578125,0.7578125,0.7734375,0.7578125,0.0,0.0,0.0,0.0,0.0,0.0,0.0,0.0,0.7578125,0.7890625,0.6328125,0.6484375,33.33333333333333,75.00807351322467,75.00807351322467,75.00807351322467,0.0,0.0,0.0,2.03278708221932,99.54138590053716,0.0,0.0,0.0,0.0,0.0,1.9521545161353664,99.53721310832432,0,0.0
0.4921875,0.5234375,0.7578125,0.7578125,0.7734375,0.7578125,0.0,0.0,0.0,0.0,0.0,0.0,0.0,0.0,0.7578125,0.7890625,0.6328125,0.6484375,33.33333333333333,75.00807351322467,75.00807351322467,75.00807351322467,0.0,0.0,0.0,2.004161821641683,99.7528780727476,0.0,0.0,0.0,0.0,0.0,2.0048248525447563,99.53721310832432,0,0.0
0.4921875,0.5234375,0.7578125,0.7578125,0.7734375,0.7578125,0.0,0.0,0.0,0.0,0.0,0.0,0.0,0.0,0.7578125,0.7890625,0.6328125,0.6484375,33.33333333333333,74.9716633171353,75.00807351322467,75.00807351322467,0.0,0.0,0.0,2.004161821641683,99.7528780727476,0.0,0.0,0.0,0.0,0.0,1.9521545161353664,99.53721310832432,0,0.0
0.4921875,0.5234375,0.7578125,0.7578125,0.7734375,0.7578125,0.0,0.0,0.0,0.0,0.0,0.0,0.0,0.0,0.7578125,0.7890625,0.6328125,0.6484375,33.33333333333333,75.00807351322467,75.00807351322467,75.00807351322467,0.0,0.0,0.0,2.012714441812113,99.7528780727476,0.0,0.0,0.0,0.0,0.0,2.017285338269425,99.53721310832432,0,0.0
0.4921875,0.5234375,0.7578125,0.7578125,0.7734375,0.7578125,0.0,0.0,0.0,0.0,0.0,0.0,0.0,0.0,0.7578125,0.7890625,0.6328125,0.6484375,33.33333333333333,75.00807351322467,75.00807351322467,74.9911305121441,0.0,0.0,0.0,2.004161821641683,99.7528780727476,0.0,0.0,0.0,0.0,0.0,1.9521545161353664,99.99703245557018,0,0.0
0.4921875,0.5234375,0.7578125,0.7578125,0.7734375,0.7578125,0.0,0.0,0.0,0.0,0.0,0.0,0.0,0.0,0.7578125,0.7890625,0.6328125,0.6484375,33.33333333333333,75.00807351322467,75.00807351322467,75.00807351322467,0.0,0.0,0.0,2.004161821641683,99.7528780727476,0.0,0.0,0.0,0.0,0.0,2.0048248525447563,99.99703245557018,0,0.0
0.4921875,0.5234375,0.7578125,0.7578125,0.7734375,0.7578125,0.0,0.0,0.0,0.0,0.0,0.0,0.0,0.0,0.7578125,0.7890625,0.6328125,0.6484375,33.33333333333333,74.9716633171353,75.00807351322467,75.00807351322467,0.0,0.0,0.0,2.012714441812113,99.7528780727476,0.0,0.0,0.0,0.0,0.0,1.987043335859224,99.99703245557018,0,0.0
0.4921875,0.5234375,0.7578125,0.7578125,0.7734375,0.7578125,0.0,0.0,0.0,0.0,0.0,0.0,0.0,0.0,0.7578125,0.7890625,0.6328125,0.6484375,33.33333333333333,75.00807351322467,74.9911305121441,75.00807351322467,0.0,0.0,0.0,1.988629848232437,99.54138590053716,0.0,0.0,0.0,0.0,0.0,2.0104719193754184,99.99703245557018,0,0.0
0.4921875,0.5234375,0.7578125,0.7578125,0.7734375,0.7578125,0.0,0.0,0.0,0.0,0.0,0.0,0.0,0.0,0.7578125,0.7890625,0.6328125,0.6484375,33.33333333333333,75.00807351322467,75.00807351322467,74.9911305121441,0.0,0.0,0.0,2.0202669435146654,99.54138590053716,0.0,0.0,0.0,0.0,0.0,1.9521545161353664,99.99703245557018,0,0.0
0.5078125,0.5,0.7578125,0.7578125,0.7734375,0.7578125,0.0,0.0,0.0,0.0,0.0,0.0,0.0,0.0,0.7578125,0.7890625,0.6328125,0.6484375,33.33333333333333,75.00807351322467,75.00807351322467,75.00807351322467,0.0,0.0,0.0,2.03278708221932,99.54138590053716,0.0,0.0,0.0,0.0,0.0,2.017285338269425,99.99703245557018,0,0.0
0.5078125,0.5,0.7578125,0.7578125,0.7734375,0.7578125,0.0,0.0,0.0,0.0,0.0,0.0,0.0,0.0,0.7578125,0.7890625,0.6328125,0.6484375,33.33333333333333,75.00807351322467,75.00807351322467,75.00807351322467,0.0,0.0,0.0,2.03278708221932,99.54138590053716,0.0,0.0,0.0,0.0,0.0,1.9871333695467035,99.99703245557018,0,0.0
0.5078125,0.5,0.7578125,0.7578125,0.7734375,0.7578125,0.0,0.0,0.0,0.0,0.0,0.0,0.0,0.0,0.7578125,0.7890625,0.6328125,0.6484375,33.33333333333333,75.00807351322467,75.00807351322467,75.00807351322467,0.0,0.0,0.0,1.988629848232437,99.54138590053716,0.0,0.0,0.0,0.0,0.0,1.9871333695467035,99.99703245557018,0,0.0
0.5078125,0.5,0.7578125,0.7578125,0.7734375,0.7578125,0.0,0.0,0.0,0.0,0.0,0.0,0.0,0.0,0.7578125,0.7890625,0.6328125,0.6484375,33.33333333333333,75.00807351322467,75.00807351322467,75.00807351322467,0.0,0.0,0.0,2.012714441812113,99.54138590053716,0.0,0.0,0.0,0.0,0.0,1.987043335859224,99.99703245557018,0,0.0
0.5078125,0.5,0.7578125,0.7578125,0.7734375,0.7578125,0.0,0.0,0.0,0.0,0.0,0.0,0.0,0.0,0.7578125,0.7890625,0.6328125,0.6484375,33.33333333333333,75.00807351322467,75.00807351322467,74.9911305121441,0.0,0.0,0.0,2.03278708221932,99.55320592865546,0.0,0.0,0.0,0.0,0.0,2.0048248525447563,99.99703245557018,0,0.0
0.5078125,0.5,0.7578125,0.7578125,0.7734375,0.7578125,0.0,0.0,0.0,0.0,0.0,0.0,0.0,0.0,0.7578125,0.7890625,0.6328125,0.6484375,33.33333333333333,75.00807351322467,75.00807351322467,75.00807351322467,0.0,0.0,0.0,1.988629848232437,99.54138590053716,0.0,0.0,0.0,0.0,0.0,1.9949836502720304,99.99703245557018,0,0.0
0.5078125,0.5,0.7578125,0.7578125,0.7734375,0.7578125,0.0,0.0,0.0,0.0,0.0,0.0,0.0,0.0,0.7578125,0.7890625,0.6328125,0.6484375,33.33333333333333,75.00807351322467,74.9911305121441,75.00807351322467,0.0,0.0,0.0,2.004161821641683,99.54138590053716,0.0,0.0,0.0,0.0,0.0,1.9521545161353664,99.99703245557018,0,0.0
0.5078125,0.5,0.7578125,0.7578125,0.7734375,0.7578125,0.0,0.0,0.0,0.0,0.0,0.0,0.0,0.0,0.7578125,0.7890625,0.6328125,0.6484375,33.33333333333333,74.901099500554,74.901099500554,74.901099500554,0.0,0.0,0.0,1.9836284002940487,99.54138590053716,0.0,0.0,0.0,0.0,0.0,1.9774815588976236,99.99703245557018,0,0.0
0.5078125,0.5,0.7578125,0.7578125,0.7734375,0.7578125,0.0,0.0,0.0,0.0,0.0,0.0,0.0,0.0,0.7578125,0.7890625,0.6328125,0.6484375,33.33333333333333,74.901099500554,74.901099500554,75.14342843561909,0.0,0.0,0.0,1.982581196560783,99.54607598859856,0.0,0.0,0.0,0.0,0.0,2.012873231667606,99.99703245557018,0,0.0
0.5078125,0.5,0.7578125,0.7578125,0.7734375,0.7578125,0.0,0.0,0.0,0.0,0.0,0.0,0.0,0.0,0.7578125,0.7890625,0.6328125,0.6484375,33.33333333333333,74.901099500554,74.901099500554,74.901099500554,0.0,0.0,0.0,2.001062821309501,99.54607598859856,0.0,0.0,0.0,0.0,0.0,1.9774815588976236,99.99703245557018,0,0.0
0.5078125,0.5,0.7578125,0.7578125,0.7734375,0.7578125,0.0,0.0,0.0,0.0,0.0,0.0,0.0,0.0,0.7578125,0.7890625,0.6328125,0.6484375,33.33333333333333,74.901099500554,74.901099500554,74.901099500554,0.0,0.0,0.0,2.001062821309501,99.54607598859856,0.0,0.0,0.0,0.0,0.0,1.9821362860147835,99.99635348804192,0,0.0
0.5078125,0.5,0.7578125,0.7578125,0.7734375,0.7578125,0.0,0.0,0.0,0.0,0.0,0.0,0.0,0.0,0.7578125,0.7890625,0.6328125,0.6484375,33.33333333333333,74.901099500554,74.901099500554,74.901099500554,0.0,0.0,0.0,1.966882024697819,99.54607598859856,0.0,0.0,0.0,0.0,0.0,2.012873231667606,99.99635348804192,0,0.0
0.5078125,0.5,0.7578125,0.7578125,0.7734375,0.7578125,0.0,0.0,0.0,0.0,0.0,0.0,0.0,0.0,0.7578125,0.7890625,0.6328125,0.6484375,33.33333333333333,75.14342843561909,74.901099500554,74.901099500554,0.0,0.0,0.0,1.966882024697819,99.54607598859856,0.0,0.0,0.0,0.0,0.0,1.9774815588976236,99.99635348804192,0,0.0
0.5078125,0.5,0.7578125,0.7578125,0.7734375,0.7578125,0.0,0.0,0.0,0.0,0.0,0.0,0.0,0.0,0.7578125,0.7890625,0.6328125,0.6484375,33.33333333333333,74.901099500554,74.901099500554,74.901099500554,0.0,0.0,0.0,1.9957661068246657,99.66832329433426,0.0,0.0,0.0,0.0,0.0,1.9821362860147835,99.99635348804192,0,0.0
0.5078125,0.5,0.7578125,0.7578125,0.7734375,0.7578125,0.0,0.0,0.0,0.0,0.0,0.0,0.0,0.0,0.7578125,0.7890625,0.6328125,0.6484375,33.33333333333333,74.901099500554,74.901099500554,74.901099500554,0.0,0.0,0.0,1.9772108643722757,99.66832329433426,0.0,0.0,0.0,0.0,0.0,2.012873231667606,99.99635348804192,0,0.0
0.5078125,0.5,0.7578125,0.7578125,0.7734375,0.7578125,0.0,0.0,0.0,0.0,0.0,0.0,0.0,0.0,0.7578125,0.7890625,0.6328125,0.6484375,33.33333333333333,74.901099500554,74.901099500554,75.13337556756521,0.0,0.0,0.0,2.001062821309501,99.66832329433426,0.0,0.0,0.0,0.0,0.0,1.9821362860147835,99.99635348804192,0,0.0
0.5078125,0.5,0.7578125,0.7578125,0.7734375,0.7578125,0.0,0.0,0.0,0.0,0.0,0.0,0.0,0.0,0.7578125,0.7890625,0.6328125,0.6484375,33.33333333333333,75.13337556756521,74.901099500554,74.901099500554,0.0,0.0,0.0,1.9772108643722757,99.58057823084351,0.0,0.0,0.0,0.0,0.0,2.023839236027108,99.99635348804192,0,0.0
0.5078125,0.5,0.7578125,0.7578125,0.7734375,0.7578125,0.0,0.0,0.0,0.0,0.0,0.0,0.0,0.0,0.7578125,0.7890625,0.6328125,0.6484375,33.33333333333333,74.901099500554,75.14342843561909,74.901099500554,0.0,0.0,0.0,1.966882024697819,99.58057823084351,0.0,0.0,0.0,0.0,0.0,2.0146933610511715,99.99635348804192,0,0.0
0.5078125,0.5,0.7578125,0.7578125,0.7734375,0.7578125,0.0,0.0,0.0,0.0,0.0,0.0,0.0,0.0,0.7578125,0.7890625,0.6328125,0.6484375,33.33333333333333,74.901099500554,74.901099500554,74.901099500554,0.0,0.0,0.0,1.9957661068246657,99.66832329433426,0.0,0.0,0.0,0.0,0.0,1.9821362860147835,99.96368907331176,0,0.0
0.5078125,0.5,0.7578125,0.7578125,0.7734375,0.7578125,0.0,0.0,0.0,0.0,0.0,0.0,0.0,0.0,0.7578125,0.7890625,0.6328125,0.6484375,33.33333333333333,74.901099500554,74.901099500554,75.14342843561909,0.0,0.0,0.0,1.966882024697819,99.66832329433426,0.0,0.0,0.0,0.0,0.0,1.9774815588976236,99.96368907331176,0,0.0
0.5078125,0.5,0.7578125,0.7578125,0.7734375,0.7578125,0.0,0.0,0.0,0.0,0.0,0.0,0.0,0.0,0.7578125,0.7890625,0.6328125,0.6484375,33.33333333333333,75.13337556756521,74.901099500554,74.901099500554,0.0,0.0,0.0,1.966882024697819,99.66832329433426,0.0,0.0,0.0,0.0,0.0,2.0146933610511715,99.96368907331176,0,0.0
0.5078125,0.5,0.7578125,0.7578125,0.7734375,0.7578125,0.0,0.0,0.0,0.0,0.0,0.0,0.0,0.0,0.7578125,0.7890625,0.6328125,0.6484375,33.33333333333333,74.901099500554,75.14342843561909,74.901099500554,0.0,0.0,0.0,1.9836284002940487,99.66832329433426,0.0,0.0,0.0,0.0,0.0,1.9774815588976236,99.96368907331176,0,0.0
0.5078125,0.5,0.7578125,0.7578125,0.7734375,0.7578125,0.0,0.0,0.0,0.0,0.0,0.0,0.0,0.0,0.7578125,0.7890625,0.6328125,0.6484375,33.33333333333333,74.901099500554,74.901099500554,74.901099500554,0.0,0.0,0.0,1.9926369403030733,99.66832329433426,0.0,0.0,0.0,0.0,0.0,2.02841153900382,99.96368907331176,0,0.0
0.5078125,0.5,0.7578125,0.7578125,0.7734375,0.7578125,0.0,0.0,0.0,0.0,0.0,0.0,0.0,0.0,0.7421875,0.7578125,0.6484375,0.6484375,33.33333333333333,75.14342843561909,74.901099500554,74.901099500554,0.0,0.0,0.0,1.966882024697819,99.66832329433426,0.0,0.0,0.0,0.0,0.0,2.012253625131718,99.96368907331176,0,0.0
0.5078125,0.5,0.7578125,0.7578125,0.7734375,0.7578125,0.0,0.0,0.0,0.0,0.0,0.0,0.0,0.0,0.7421875,0.7578125,0.6484375,0.6484375,33.33333333333333,74.901099500554,74.901099500554,74.901099500554,0.0,0.0,0.0,2.001062821309501,99.66832329433426,0.0,0.0,0.0,0.0,0.0,1.9774815588976236,99.96368907331176,0,0.0
0.5078125,0.5,0.7578125,0.7578125,0.7734375,0.7578125,0.0,0.0,0.0,0.0,0.0,0.0,0.0,0.0,0.7421875,0.7578125,0.6484375,0.6484375,33.33333333333333,74.901099500554,74.901099500554,74.901099500554,0.0,0.0,0.0,1.966882024697819,99.66832329433426,0.0,0.0,0.0,0.0,0.0,2.012873231667606,99.96368907331176,0,0.0
0.5078125,0.5,0.7578125,0.7578125,0.7734375,0.7578125,0.0,0.0,0.0,0.0,0.0,0.0,0.0,0.0,0.7421875,0.7578125,0.6484375,0.6484375,33.33333333333333,74.901099500554,75.14342843561909,75.14342843561909,0.0,0.0,0.0,2.001062821309501,99.66832329433426,0.0,0.0,0.0,0.0,0.0,1.9818095306843135,99.96368907331176,0,0.0
0.5078125,0.5,0.7578125,0.7578125,0.7734375,0.7578125,0.0,0.0,0.0,0.0,0.0,0.0,0.0,0.0,0.7421875,0.7578125,0.6484375,0.6484375,33.33333333333333,75.02483260801961,75.07920117068423,75.07920117068423,0.0,0.0,0.0,1.9659689442161972,99.66832329433426,0.0,0.0,0.0,0.0,0.0,2.018204834411432,99.96368907331176,0,0.0
0.5078125,0.5,0.7578125,0.7578125,0.7734375,0.7578125,0.0,0.0,0.0,0.0,0.0,0.0,0.0,0.0,0.7421875,0.7578125,0.6484375,0.6484375,33.33333333333333,75.07920117068423,75.07920117068423,75.07920117068423,0.0,0.0,0.0,1.9874643283417603,99.66832329433426,0.0,0.0,0.0,0.0,0.0,1.9584667719015625,99.96368907331176,0,0.0
0.5078125,0.5,0.7578125,0.7578125,0.7734375,0.7578125,0.0,0.0,0.0,0.0,0.0,0.0,0.0,0.0,0.7421875,0.7578125,0.6484375,0.6484375,33.33333333333333,75.07920117068423,75.07920117068423,75.07920117068423,0.0,0.0,0.0,1.9659689442161972,99.95734524716886,0.0,0.0,0.0,0.0,0.0,1.9584667719015625,99.84870011641183,0,0.0
0.5078125,0.5,0.7578125,0.7578125,0.7734375,0.7578125,0.0,0.0,0.0,0.0,0.0,0.0,0.0,0.0,0.7421875,0.7578125,0.6484375,0.6484375,33.33333333333333,75.07920117068423,75.01156039324404,75.02483260801961,0.0,0.0,0.0,2.0185968682232267,99.95734524716886,0.0,0.0,0.0,0.0,0.0,1.9584667719015625,99.84870011641183,0,0.0
0.5078125,0.5,0.7578125,0.7578125,0.7734375,0.7578125,0.0,0.0,0.0,0.0,0.0,0.0,0.0,0.0,0.7421875,0.7578125,0.6484375,0.6484375,33.33333333333333,75.02483260801961,75.07920117068423,75.07920117068423,0.0,0.0,0.0,2.0070577035724675,99.7957841133717,0.0,0.0,0.0,0.0,0.0,1.9584667719015625,99.84870011641183,0,0.0
0.5078125,0.5,0.7578125,0.7578125,0.7734375,0.7578125,0.0,0.0,0.0,0.0,0.0,0.0,0.0,0.0,0.7421875,0.7578125,0.6484375,0.6484375,33.33333333333333,75.07920117068423,75.07920117068423,75.07920117068423,0.0,0.0,0.0,2.0185968682232267,99.95734524716886,0.0,0.0,0.0,0.0,0.0,1.9800857915415688,99.84870011641183,0,0.0
0.5078125,0.5,0.7578125,0.7578125,0.7734375,0.7578125,0.0,0.0,0.0,0.0,0.0,0.0,0.0,0.0,0.7421875,0.7578125,0.6484375,0.6484375,33.33333333333333,75.07920117068423,75.07920117068423,75.07920117068423,0.0,0.0,0.0,2.0185968682232267,99.95734524716886,0.0,0.0,0.0,0.0,0.0,1.9584667719015625,99.84870011641183,0,0.0
0.5078125,0.5,0.7578125,0.7578125,0.7734375,0.7578125,0.0,0.0,0.0,0.0,0.0,0.0,0.0,0.0,0.7421875,0.7578125,0.6484375,0.6484375,33.33333333333333,75.07920117068423,75.07920117068423,75.02483260801961,0.0,0.0,0.0,1.9659689442161972,99.95734524716886,0.0,0.0,0.0,0.0,0.0,1.9519921909115072,99.84870011641183,0,0.0
0.5078125,0.5,0.7578125,0.7578125,0.7734375,0.7578125,0.0,0.0,0.0,0.0,0.0,0.0,0.0,0.0,0.7421875,0.7578125,0.6484375,0.6484375,33.33333333333333,75.07920117068423,75.01156039324404,75.07920117068423,0.0,0.0,0.0,1.9874643283417603,99.95734524716886,0.0,0.0,0.0,0.0,0.0,1.9584667719015625,99.84870011641183,0,0.0
0.5078125,0.5,0.7578125,0.7578125,0.7734375,0.7578125,0.0,0.0,0.0,0.0,0.0,0.0,0.0,0.0,0.7421875,0.7578125,0.6484375,0.6484375,33.33333333333333,75.07920117068423,75.07920117068423,75.07920117068423,0.0,0.0,0.0,1.9874643283417603,99.95734524716886,0.0,0.0,0.0,0.0,0.0,1.9800857915415688,99.84870011641183,0,0.0
0.5078125,0.5,0.7578125,0.7578125,0.7734375,0.7578125,0.0,0.0,0.0,0.0,0.0,0.0,0.0,0.0,0.7421875,0.7578125,0.6484375,0.6484375,33.33333333333333,75.07920117068423,75.07920117068423,75.07920117068423,0.0,0.0,0.0,1.9659689442161972,99.95734524716886,0.0,0.0,0.0,0.0,0.0,1.9519921909115072,99.84870011641183,0,0.0
0.5078125,0.5,0.7578125,0.7578125,0.7734375,0.7578125,0.0,0.0,0.0,0.0,0.0,0.0,0.0,0.0,0.7421875,0.7578125,0.6484375,0.6484375,33.33333333333333,75.01156039324404,75.07920117068423,75.02483260801961,0.0,0.0,0.0,1.9750485120938224,99.95734524716886,0.0,0.0,0.0,0.0,0.0,1.9956197764426933,99.84870011641183,0,0.0
0.5078125,0.5,0.7578125,0.7578125,0.7734375,0.7578125,0.0,0.0,0.0,0.0,0.0,0.0,0.0,0.0,0.7421875,0.7578125,0.6484375,0.6484375,33.33333333333333,75.07920117068423,75.07920117068423,75.07920117068423,0.0,0.0,0.0,2.0185968682232267,99.95734524716886,0.0,0.0,0.0,0.0,0.0,1.9800857915415688,99.84870011641183,0,0.0
0.5078125,0.5078125,0.7578125,0.7578125,0.7734375,0.7578125,0.0,0.0,0.0,0.0,0.0,0.0,0.0,0.0,0.7421875,0.7578125,0.6484375,0.6484375,33.33333333333333,75.07920117068423,75.02483260801961,75.07920117068423,0.0,0.0,0.0,1.9659689442161972,99.95734524716886,0.0,0.0,0.0,0.0,0.0,2.0127564023352287,99.84870011641183,0,0.0
0.5078125,0.5078125,0.7578125,0.7578125,0.7734375,0.7578125,0.0,0.0,0.0,0.0,0.0,0.0,0.0,0.0,0.7421875,0.7578125,0.6484375,0.6484375,33.33333333333333,75.07920117068423,75.07920117068423,75.07920117068423,0.0,0.0,0.0,1.9750485120938224,99.95734524716886,0.0,0.0,0.0,0.0,0.0,1.9800857915415688,99.84870011641183,0,0.0
0.5078125,0.5078125,0.7578125,0.7578125,0.7734375,0.7578125,0.0,0.0,0.0,0.0,0.0,0.0,0.0,0.0,0.7421875,0.7578125,0.6484375,0.6484375,33.33333333333333,75.07920117068423,75.07920117068423,75.02483260801961,0.0,0.0,0.0,1.9659689442161972,99.95734524716886,0.0,0.0,0.0,0.0,0.0,2.018204834411432,99.84870011641183,0,0.0
0.5078125,0.5078125,0.7578125,0.7578125,0.7734375,0.7578125,0.0,0.0,0.0,0.0,0.0,0.0,0.0,0.0,0.7421875,0.7578125,0.6484375,0.6484375,33.33333333333333,75.07920117068423,75.07920117068423,75.07920117068423,0.0,0.0,0.0,1.9659689442161972,99.95734524716886,0.0,0.0,0.0,0.0,0.0,1.9584667719015625,99.84870011641183,0,0.0
0.5078125,0.5078125,0.7578125,0.7578125,0.7734375,0.7578125,0.0,0.0,0.0,0.0,0.0,0.0,0.0,0.0,0.7421875,0.7578125,0.6484375,0.6484375,33.33333333333333,75.02483260801961,75.07920117068423,75.07920117068423,0.0,0.0,0.0,1.9659689442161972,99.95734524716886,0.0,0.0,0.0,0.0,0.0,2.018204834411432,99.84870011641183,0,0.0
0.5078125,0.5078125,0.7578125,0.7578125,0.7734375,0.7578125,0.0,0.0,0.0,0.0,0.0,0.0,0.0,0.0,0.7421875,0.7578125,0.6484375,0.6484375,33.33333333333333,75.07920117068423,75.07920117068423,75.07920117068423,0.0,0.0,0.0,1.9750485120938224,99.95734524716886,0.0,0.0,0.0,0.0,0.0,1.9956197764426933,99.84870011641183,0,0.0
0.5078125,0.5078125,0.7578125,0.7578125,0.7734375,0.7578125,0.0,0.0,0.0,0.0,0.0,0.0,0.0,0.0,0.7421875,0.7578125,0.6484375,0.6484375,33.33333333333333,75.07920117068423,75.07920117068423,75.02483260801961,0.0,0.0,0.0,1.9659689442161972,99.95734524716886,0.0,0.0,0.0,0.0,0.0,2.018204834411432,99.84870011641183,0,0.0
0.5078125,0.5078125,0.7578125,0.7578125,0.7734375,0.7578125,0.0,0.0,0.0,0.0,0.0,0.0,0.0,0.0,0.7421875,0.7578125,0.6484375,0.6484375,33.33333333333333,74.97427977762163,74.97427977762163,74.97427977762163,0.0,0.0,0.0,1.9996630926334853,99.95734524716886,0.0,0.0,0.0,0.0,0.0,1.99159943460666,99.69894360923496,0,0.0
0.5078125,0.5078125,0.7578125,0.7578125,0.7734375,0.7578125,0.0,0.0,0.0,0.0,0.0,0.0,0.0,0.0,0.7421875,0.7578125,0.6484375,0.6484375,33.33333333333333,74.97342795593235,74.97427977762163,74.97427977762163,0.0,0.0,0.0,1.9973208434843144,99.95734524716886,0.0,0.0,0.0,0.0,0.0,2.0151230849804254,99.69894360923496,0,0.0
0.5078125,0.5078125,0.7578125,0.7578125,0.7734375,0.7578125,0.0,0.0,0.0,0.0,0.0,0.0,0.0,0.0,0.7421875,0.7578125,0.6484375,0.6484375,33.33333333333333,74.97427977762163,74.97342795593235,74.97427977762163,0.0,0.0,0.0,2.0096908038332355,99.95734524716886,0.0,0.0,0.0,0.0,0.0,1.99159943460666,99.69894360923496,0,0.0
0.5078125,0.5078125,0.7578125,0.7578125,0.7734375,0.7578125,0.0,0.0,0.0,0.0,0.0,0.0,0.0,0.0,0.7421875,0.7578125,0.6484375,0.6484375,33.33333333333333,74.97427977762163,74.97427977762163,74.97342795593235,0.0,0.0,0.0,1.999513577008771,99.95734524716886,0.0,0.0,0.0,0.0,0.0,2.018426332673476,99.69894360923496,0,0.0
0.5078125,0.5078125,0.7578125,0.7578125,0.7734375,0.7578125,0.0,0.0,0.0,0.0,0.0,0.0,0.0,0.0,0.7421875,0.7578125,0.6484375,0.6484375,33.33333333333333,74.97427977762163,74.97427977762163,74.97427977762163,0.0,0.0,0.0,1.9973208434843144,99.95734524716886,0.0,0.0,0.0,0.0,0.0,1.99159943460666,99.69894360923496,0,0.0
0.5078125,0.5078125,0.7578125,0.7578125,0.7734375,0.7578125,0.0,0.0,0.0,0.0,0.0,0.0,0.0,0.0,0.7421875,0.7578125,0.6484375,0.6484375,33.33333333333333,74.97427977762163,74.97427977762163,74.97427977762163,0.0,0.0,0.0,2.0096908038332355,99.95734524716886,0.0,0.0,0.0,0.0,0.0,2.0151230849804254,99.69894360923496,0,0.0
0.5078125,0.5078125,0.7578125,0.7578125,0.7734375,0.7578125,0.0,0.0,0.0,0.0,0.0,0.0,0.0,0.0,0.7421875,0.7578125,0.6484375,0.6484375,33.33333333333333,74.97427977762163,74.97427977762163,74.97342795593235,0.0,0.0,0.0,1.9973208434843144,99.95734524716886,0.0,0.0,0.0,0.0,0.0,1.997766551933794,99.69894360923496,0,0.0
0.5078125,0.5078125,0.7578125,0.7578125,0.7734375,0.7578125,0.0,0.0,0.0,0.0,0.0,0.0,0.0,0.0,0.7421875,0.7578125,0.6484375,0.6484375,33.33333333333333,74.97427977762163,74.97427977762163,74.97427977762163,0.0,0.0,0.0,1.9973208434843144,99.95734524716886,0.0,0.0,0.0,0.0,0.0,1.9817112403425745,99.69894360923496,0,0.0
0.5078125,0.5078125,0.7578125,0.7578125,0.7734375,0.7578125,0.0,0.0,0.0,0.0,0.0,0.0,0.0,0.0,0.7421875,0.7578125,0.6484375,0.6484375,33.33333333333333,74.97427977762163,74.97427977762163,74.97427977762163,0.0,0.0,0.0,1.9973208434843144,99.95734524716886,0.0,0.0,0.0,0.0,0.0,2.018638844348091,99.69894360923496,0,0.0
0.5078125,0.5078125,0.7578125,0.7578125,0.7734375,0.7578125,0.0,0.0,0.0,0.0,0.0,0.0,0.0,0.0,0.7421875,0.7578125,0.6484375,0.6484375,33.33333333333333,74.97427977762163,74.97427977762163,74.97427977762163,0.0,0.0,0.0,1.999513577008771,99.95734524716886,0.0,0.0,0.0,0.0,0.0,1.99159943460666,99.69894360923496,0,0.0
0.5078125,0.5078125,0.7578125,0.7578125,0.7734375,0.7578125,0.0,0.0,0.0,0.0,0.0,0.0,0.0,0.0,0.7421875,0.7578125,0.6484375,0.6484375,33.33333333333333,74.97427977762163,74.97427977762163,74.97342795593235,0.0,0.0,0.0,1.9961220991047637,99.95734524716886,0.0,0.0,0.0,0.0,0.0,1.99159943460666,99.69894360923496,0,0.0
0.5078125,0.5078125,0.7578125,0.7578125,0.7734375,0.7578125,0.0,0.0,0.0,0.0,0.0,0.0,0.0,0.0,0.7421875,0.7578125,0.6484375,0.6484375,33.33333333333333,74.97427977762163,74.97342795593235,74.97427977762163,0.0,0.0,0.0,1.9973208434843144,99.95734524716886,0.0,0.0,0.0,0.0,0.0,2.018638844348091,99.69894360923496,0,0.0
0.5078125,0.5078125,0.7578125,0.7578125,0.7734375,0.7578125,0.0,0.0,0.0,0.0,0.0,0.0,0.0,0.0,0.7421875,0.7578125,0.6484375,0.6484375,33.33333333333333,74.87568992782745,74.97427977762163,74.97427977762163,0.0,0.0,0.0,1.9973208434843144,99.95734524716886,0.0,0.0,0.0,0.0,0.0,1.997766551933794,99.69894360923496,0,0.0
0.5078125,0.5078125,0.7578125,0.7578125,0.7734375,0.7578125,0.0,0.0,0.0,0.0,0.0,0.0,0.0,0.0,0.7421875,0.7578125,0.6484375,0.6484375,33.33333333333333,74.97427977762163,74.97427977762163,74.97427977762163,0.0,0.0,0.0,2.0096908038332355,99.95734524716886,0.0,0.0,0.0,0.0,0.0,1.9817112403425745,99.69894360923496,0,0.0
0.5078125,0.5078125,0.7578125,0.7578125,0.7734375,0.7578125,0.0,0.0,0.0,0.0,0.0,0.0,0.0,0.0,0.7421875,0.7578125,0.6484375,0.6484375,33.33333333333333,74.97427977762163,74.97427977762163,74.97342795593235,0.0,0.0,0.0,1.9973208434843144,99.95734524716886,0.0,0.0,0.0,0.0,0.0,1.9953062917134796,99.69894360923496,0,0.0
0.5078125,0.5078125,0.7578125,0.7578125,0.7734375,0.7578125,0.0,0.0,0.0,0.0,0.0,0.0,0.0,0.0,0.7421875,0.7578125,0.6484375,0.6484375,33.33333333333333,74.97427977762163,74.97342795593235,74.97427977762163,0.0,0.0,0.0,1.992423363495024,99.95734524716886,0.0,0.0,0.0,0.0,0.0,1.994171727951832,99.69894360923496,0,0.0
0.5078125,0.5078125,0.7578125,0.7578125,0.7734375,0.7578125,0.0,0.0,0.0,0.0,0.0,0.0,0.0,0.0,0.7421875,0.7578125,0.6484375,0.6484375,33.33333333333333,74.87568992782745,74.97427977762163,74.97427977762163,0.0,0.0,0.0,1.9973208434843144,99.95734524716886,0.0,0.0,0.0,0.0,0.0,2.0151230849804254,99.69894360923496,0,0.0
0.5078125,0.5078125,0.7578125,0.7578125,0.7734375,0.7578125,0.0,0.0,0.0,0.0,0.0,0.0,0.0,0.0,0.7421875,0.7578125,0.6484375,0.6484375,33.33333333333333,74.97427977762163,74.97427977762163,74.97427977762163,0.0,0.0,0.0,1.999513577008771,99.95734524716886,0.0,0.0,0.0,0.0,0.0,2.0151230849804254,99.69894360923496,0,0.0
0.5078125,0.5078125,0.7578125,0.7578125,0.7734375,0.7578125,0.0,0.0,0.0,0.0,0.0,0.0,0.0,0.0,0.7421875,0.7578125,0.6484375,0.6484375,33.33333333333333,74.97427977762163,74.97427977762163,74.97342795593235,0.0,0.0,0.0,1.956569032782464,99.60711819725095,0.0,0.0,0.0,0.0,0.0,1.98285285568812,99.69894360923496,0,0.0
0.5078125,0.5078125,0.7578125,0.7578125,0.7734375,0.7578125,0.0,0.0,0.0,0.0,0.0,0.0,0.0,0.0,0.7421875,0.7578125,0.6484375,0.6484375,33.33333333333333,74.97427977762163,74.97427977762163,74.97427977762163,-2.0004540036197938,2.490851781405493,-0.244871955165741,1.987386735936051,99.95786084234088,0.0,-0.6349095068360486,0.0,0.0,0.0,2.0271595839313896,99.73153120316366,0,0.0
0.5078125,0.5078125,0.7578125,0.7578125,0.7734375,0.7578125,0.0,0.0,0.0,0.0,0.0,0.0,0.0,0.0,0.7421875,0.7578125,0.6484375,0.6484375,33.33333333333333,74.9893927997938,75.15680238873695,75.15680238873695,-4.742642194307808,6.287510840245673,-2.873561408298445,2.0316702224830623,99.95786084234088,0.0,2.506846063031783,0.0,0.0,0.0,1.988779809131077,99.73153120316366,0,0.0
0.5078125,0.5078125,0.7578125,0.7578125,0.7734375,0.7578125,0.0,0.0,0.0,0.0,0.0,0.0,0.0,0.0,0.7421875,0.7578125,0.6484375,0.6484375,33.33333333333333,75.15680238873695,75.15680238873695,75.15680238873695,-4.072248901768863,6.231124542535925,-4.080306808581668,2.0316702224830623,99.95786084234088,0.0,4.556665709753225,0.0,0.0,0.0,1.968032602720856,99.73153120316366,0,0.0
0.5078125,0.5078125,0.7578125,0.7578125,0.7734375,0.7578125,0.0,0.0,0.0,0.0,0.0,0.0,0.0,0.0,0.7421875,0.7578125,0.6484375,0.6484375,33.33333333333333,75.15680238873695,75.15680238873695,75.15680238873695,-2.8785632256793616,5.121748343969878,-4.981058726819096,2.01554369173493,99.95786084234088,0.0,6.232301724709529,0.0,0.0,0.0,1.9853718471728812,99.73153120316366,0,0.0
0.5078125,0.5078125,0.7578125,0.7578125,0.7734375,0.7578125,0.0,0.0,0.0,0.0,0.0,0.0,0.0,0.0,0.7421875,0.7578125,0.6484375,0.6484375,33.33333333333333,75.15680238873695,75.15680238873695,75.15680238873695,-1.6273966712374042,3.4012070302558937,-5.565579280727417,1.99237687085641,99.95786084234088,0.0,7.211403954838554,0.0,0.0,0.0,1.9853718471728812,99.73153120316366,0,0.0
0.5078125,0.5078125,0.7578125,0.7578125,0.7734375,0.7578125,0.0,0.0,0.0,0.0,0.0,0.0,0.0,0.0,0.7421875,0.7578125,0.6484375,0.6484375,33.33333333333333,74.9893927997938,75.15680238873695,75.15680238873695,-0.2538888778014161,1.1510891792309157,-4.238999665038106,2.0316702224830623,99.95786084234088,0.0,5.3761762315936,0.0,0.0,0.0,1.9727578661115104,99.75966147049276,0,0.0
0.5078125,0.5078125,0.7578125,0.7578125,0.7734375,0.7578125,0.0,0.0,0.0,0.0,0.0,0.0,0.0,0.0,0.7421875,0.7578125,0.6484375,0.6484375,33.33333333333333,75.15680238873695,75.15680238873695,74.9893927997938,1.9757726625752612,-2.663993260197671,-1.7898912974898968,1.9922576058260035,99.95786084234088,89.95786084234088,2.1691810668798595,0.0,0.0,0.0,1.985940906761376,99.65125931313074,0,0.0
0.5078125,0.5078125,0.7578125,0.7578125,0.7734375,0.7578125,0.0,0.0,0.0,0.0,0.0,0.0,0.0,0.0,0.7421875,0.7578125,0.6484375,0.6484375,33.33333333333333,75.15680238873695,75.15680238873695,75.15680238873695,3.456122174172122,-4.692123077063424,-2.9726028781784337,1.9867895298056064,99.95786084234088,89.95786084234088,3.624506888322092,0.0,0.0,0.0,1.973812499791002,99.65125931313074,0,0.0
0.5078125,0.5078125,0.7578125,0.7578125,0.7734375,0.7578125,0.0,0.0,0.0,0.0,0.0,0.0,0.0,0.0,0.7421875,0.7578125,0.6484375,0.6484375,33.33333333333333,74.9893927997938,74.9994792003764,75.15680238873695,0.0,0.0,0.0,1.999339912422116,99.95786084234088,89.95786084234088,0.0,0.0,0.0,0.0,1.974197658069416,99.7511356762424,0,0.0
0.5078125,0.5078125,0.7578125,0.7578125,0.7734375,0.7578125,0.0,0.0,0.0,0.0,0.0,0.0,0.0,0.0,0.7421875,0.7578125,0.6484375,0.6484375,33.33333333333333,75.15680238873695,75.15680238873695,75.15680238873695,0.0,0.0,0.0,1.9931828163747245,99.95786084234088,89.95786084234088,0.0,0.0,0.0,0.0,1.9888721112611365,99.7511356762424,0,0.0
0.5078125,0.5078125,0.7578125,0.7578125,0.7734375,0.7578125,0.0,0.0,0.0,0.0,0.0,0.0,0.0,0.0,0.7421875,0.7578125,0.6484375,0.6484375,33.33333333333333,75.15680238873695,75.15680238873695,74.9994792003764,0.0,0.0,0.0,1.9967569575566408,99.95786084234088,89.95786084234088,0.0,0.0,0.0,0.0,1.988779809131077,99.7511356762424,0,0.0
0.5078125,0.5078125,0.7578125,0.7578125,0.7734375,0.7578125,0.0,0.0,0.0,0.0,0.0,0.0,0.0,0.0,0.7421875,0.7578125,0.6484375,0.6484375,33.33333333333333,74.9893927997938,75.15680238873695,75.15680238873695,-1.4714695224606351,1.3900278215094146,1.2137137343696636,2.0316702224830623,99.95786084234088,89.95786084234088,-1.4179403725839197,0.0,0.0,0.0,1.968032602720856,99.75966147049276,0,0.0
0.5078125,0.5078125,0.7578125,0.7578125,0.7734375,0.7578125,0.0,0.0,0.0,0.0,0.0,0.0,0.0,0.0,0.7421875,0.7578125,0.6484375,0.6484375,33.33333333333333,75.15680238873695,74.9994792003764,75.15680238873695,-4.21007088138659,4.669006047363681,3.230792512368705,1.997162222996172,99.95786084234088,89.95786084234088,-3.691511801166413,0.0,0.0,0.0,2.0138728857761694,99.75966147049276,0,0.0
0.5078125,0.5078125,0.7578125,0.7578125,0.7734375,0.7578125,0.0,0.0,0.0,0.0,0.0,0.0,0.0,0.0,0.7421875,0.7578125,0.6484375,0.6484375,33.33333333333333,75.15680238873695,75.15680238873695,74.9893927997938,-0.5269518525138593,0.3213731905922651,2.283552811931937,2.01554369173493,99.95786084234088,89.95786084234088,-2.727313182362136,0.0,0.0,0.0,1.988779809131077,99.75966147049276,0,0.0
0.5078125,0.5078125,0.7578125,0.7578125,0.7734375,0.7578125,0.0,0.0,0.0,0.0,0.0,0.0,0.0,0.0,0.7421875,0.7578125,0.6484375,0.6484375,33.33333333333333,75.15680238873695,75.15680238873695,75.15680238873695,1.2824044319515566,-2.185435798518811,5.416616269611561,1.983239994443645,99.95786084234088,89.95786084234088,-6.879327214687154,0.0,0.0,0.0,1.9853718471728812,99.75966147049276,0,0.0
0.5078125,0.515625,0.7578125,0.7578125,0.7734375,0.7578125,0.0,0.0,0.0,0.0,0.0,0.0,0.0,0.0,0.7421875,0.7578125,0.6484375,0.6484375,33.33333333333333,75.15680238873695,75.15680238873695,75.15680238873695,2.5701629276057654,-4.085866561797428,5.126997293359857,1.9967569575566408,99.95786084234088,89.95786084234088,-6.740130069532136,0.0,0.0,0.0,1.9812741112146168,99.75966147049276,0,0.0
0.5078125,0.515625,0.7578125,0.7578125,0.7734375,0.7578125,0.0,0.0,0.0,0.0,0.0,0.0,0.0,0.0,0.7421875,0.7578125,0.6484375,0.6484375,33.33333333333333,74.9893927997938,74.9893927997938,75.15680238873695,3.760435773303115,-5.606292782604286,4.287521736645355,2.0316702224830623,99.95786084234088,89.95786084234088,-5.573243629200574,0.0,0.0,0.0,1.968032602720856,99.75966147049276,0,0.0
0.5078125,0.515625,0.7578125,0.7578125,0.7734375,0.7578125,0.0,0.0,0.0,0.0,0.0,0.0,0.0,0.0,0.7421875,0.7578125,0.6484375,0.6484375,33.33333333333333,75.15680238873695,75.15680238873695,75.15680238873695,4.738079199491228,-6.459419451518822,3.201655578814662,1.9967569575566408,99.95786084234088,89.95786084234088,-3.807915685476904,0.0,0.0,0.0,1.968032602720856,99.75966147049276,0,0.0
0.5078125,0.515625,0.7578125,0.7578125,0.7734375,0.7578125,0.0,0.0,0.0,0.0,0.0,0.0,0.0,0.0,0.7421875,0.7578125,0.6484375,0.6484375,33.33333333333333,75.15680238873695,75.15680238873695,74.9893927997938,3.595068391283922,-4.592741276981371,1.8160798150996715,1.9967569575566408,99.95786084234088,89.95786084234088,-1.5221803795881632,0.0,0.0,0.0,1.988779809131077,99.75966147049276,0,0.0
0.5078125,0.515625,0.7578125,0.7578125,0.7734375,0.7578125,0.0,0.0,0.0,0.0,0.0,0.0,0.0,0.0,0.7421875,0.7578125,0.6484375,0.6484375,33.33333333333333,74.9893927997938,75.15680238873695,75.15680238873695,1.0654788790101306,-1.2399497170042333,-1.0834352345796237,2.0316702224830623,99.95786084234088,89.95786084234088,1.6093646423743957,0.0,0.0,0.0,1.9812741112146168,99.75966147049276,0,0.0
0.5078125,0.515625,0.7578125,0.7578125,0.7734375,0.7578125,0.0,0.0,0.0,0.0,0.0,0.0,0.0,0.0,0.7421875,0.7578125,0.6484375,0.6484375,33.33333333333333,75.15680238873695,74.9893927997938,75.15680238873695,3.249355112641472,-3.5988688310680548,-4.358729040499991,1.9786527669013023,99.95786084234088,89.95786084234088,5.333167969038151,0.0,0.0,0.0,2.016427909095499,99.75966147049276,0,0.0
0.5078125,0.515625,0.7578125,0.7578125,0.7734375,0.7578125,0.0,0.0,0.0,0.0,0.0,0.0,0.0,0.0,0.7421875,0.7578125,0.6484375,0.6484375,33.33333333333333,74.90570147012065,74.90570147012065,74.90570147012065,0.7913438286992819,-0.9336274746849856,-0.8457759524886678,1.9983834603891613,99.95786084234088,89.95786084234088,1.349049153395952,0.0,0.0,0.0,1.982029025967335,99.75966147049276,0,0.0
0.5078125,0.515625,0.7578125,0.7578125,0.7734375,0.7578125,0.0,0.0,0.0,0.0,0.0,0.0,0.0,0.0,0.7421875,0.7578125,0.6484375,0.6484375,33.33333333333333,74.90570147012065,74.90570147012065,74.90570147012065,0.0,0.0,0.0,2.033090610986317,99.602199970898,89.53739647345043,0.0,0.0,0.0,0.0,1.990324199943761,99.75966147049276,0,0.0
0.5078125,0.515625,0.7578125,0.7578125,0.7734375,0.7578125,0.0,0.0,0.0,0.0,0.0,0.0,0.0,0.0,0.7421875,0.7578125,0.6484375,0.6484375,33.33333333333333,74.90570147012065,74.90570147012065,74.90570147012065,0.0,0.0,0.0,1.9983834603891613,99.602199970898,0.0,0.0,0.0,0.0,0.0,1.990324199943761,99.75966147049276,0,0.0
0.5078125,0.515625,0.7578125,0.7578125,0.7734375,0.7578125,0.0,0.0,0.0,0.0,0.0,0.0,0.0,0.0,0.7421875,0.7578125,0.6484375,0.6484375,33.33333333333333,75.11059237448933,74.90570147012065,74.90570147012065,0.0,0.0,0.0,2.0083395334275465,99.602199970898,0.0,0.0,0.0,0.0,0.0,1.994190833891318,99.75966147049276,0,0.0
0.5078125,0.515625,0.7578125,0.7578125,0.7734375,0.7578125,0.0,0.0,0.0,0.0,0.0,0.0,0.0,0.0,0.7421875,0.7578125,0.6484375,0.6484375,33.33333333333333,74.90570147012065,75.09766829384931,74.90570147012065,-1.5035314958824222,1.6396051937900638,1.872029748240308,2.0083395334275465,99.602199970898,0.0,-2.063247081948594,0.0,0.0,0.0,1.994190833891318,99.75966147049276,0,0.0
0.5078125,0.515625,0.7578125,0.7578125,0.7734375,0.7578125,0.0,0.0,0.0,0.0,0.0,0.0,0.0,0.0,0.7421875,0.7578125,0.6484375,0.6484375,33.33333333333333,74.90570147012065,74.90570147012065,74.90570147012065,-3.142625041747216,3.3615378448913567,4.4368685271929005,1.9637562430965627,99.602199970898,0.0,-5.044860451948375,0.0,0.0,0.0,2.017632178336956,99.77525257375972,0,0.0
0.5078125,0.515625,0.7578125,0.7578125,0.7734375,0.7578125,0.0,0.0,0.0,0.0,0.0,0.0,0.0,0.0,0.7421875,0.7578125,0.6484375,0.6484375,33.33333333333333,74.90570147012065,74.90570147012065,74.90570147012065,0.0,0.0,0.0,2.0240079156338706,99.68506908883056,0.0,0.0,0.0,0.0,0.0,1.9834533101501104,99.66348030127531,0,0.0
0.5078125,0.515625,0.7578125,0.7578125,0.7734375,0.7578125,0.0,0.0,0.0,0.0,0.0,0.0,0.0,0.0,0.7421875,0.7578125,0.6484375,0.6484375,33.33333333333333,74.90570147012065,74.90570147012065,74.90570147012065,0.0,0.0,0.0,2.0240079156338706,99.68506908883056,0.0,0.0,0.0,0.0,0.0,2.014358227800801,99.66348030127531,0,0.0
0.5078125,0.515625,0.7578125,0.7578125,0.7734375,0.7578125,0.0,0.0,0.0,0.0,0.0,0.0,0.0,0.0,0.7421875,0.7578125,0.6484375,0.6484375,33.33333333333333,75.11059237448933,74.90570147012065,74.90570147012065,0.0,0.0,0.0,1.9841951039709336,99.68506908883056,0.0,0.0,0.0,0.0,0.0,2.014358227800801,99.65268200045378,0,0.0
0.5078125,0.515625,0.7578125,0.7578125,0.7734375,0.7578125,0.0,0.0,0.0,0.0,0.0,0.0,0.0,0.0,0.7421875,0.7578125,0.6484375,0.6484375,33.33333333333333,74.90570147012065,75.11059237448933,74.90570147012065,0.0,0.0,0.0,2.005373594086132,99.68506908883056,0.0,0.0,0.0,0.0,0.0,1.9834533101501104,99.66348030127531,0,0.0
0.5078125,0.515625,0.7578125,0.7578125,0.7734375,0.7578125,0.0,0.0,0.0,0.0,0.0,0.0,0.0,0.0,0.7421875,0.7578125,0.6484375,0.6484375,33.33333333333333,74.90570147012065,74.90570147012065,74.90570147012065,0.0,0.0,0.0,2.0240079156338706,99.68506908883056,0.0,0.0,0.0,0.0,0.0,2.014358227800801,99.66348030127531,0,0.0
0.5078125,0.515625,0.7578125,0.7578125,0.7734375,0.7578125,0.0,0.0,0.0,0.0,0.0,0.0,0.0,0.0,0.7421875,0.7578125,0.6484375,0.6484375,33.33333333333333,75.09766829384931,74.90570147012065,74.90570147012065,0.0,0.0,0.0,2.022457845700148,99.68506908883056,0.0,0.0,0.0,0.0,0.0,1.995472562858507,99.66348030127531,0,0.0
0.5078125,0.515625,0.7578125,0.7578125,0.7734375,0.7578125,0.0,0.0,0.0,0.0,0.0,0.0,0.0,0.0,0.7421875,0.7578125,0.6484375,0.6484375,33.33333333333333,74.90570147012065,74.90570147012065,74.90570147012065,0.0,0.0,0.0,2.0240079156338706,99.68506908883056,0.0,0.0,0.0,0.0,0.0,2.014358227800801,99.65268200045378,0,0.0
0.5078125,0.515625,0.7578125,0.7578125,0.7734375,0.7578125,0.0,0.0,0.0,0.0,0.0,0.0,0.0,0.0,0.7421875,0.7578125,0.6484375,0.6484375,33.33333333333333,74.90570147012065,74.90570147012065,74.90570147012065,0.0,0.0,0.0,1.9939473126462617,99.68506908883056,0.0,0.0,0.0,0.0,0.0,1.9823666845573904,99.65268200045378,0,0.0
0.5078125,0.515625,0.7578125,0.7578125,0.7734375,0.7578125,0.0,0.0,0.0,0.0,0.0,0.0,0.0,0.0,0.7421875,0.7578125,0.6484375,0.6484375,33.33333333333333,74.90570147012065,75.09766829384931,74.90570147012065,0.0,0.0,0.0,2.005373594086132,99.68506908883056,0.0,0.0,0.0,0.0,0.0,1.9834533101501104,99.66348030127531,0,0.0
0.5078125,0.515625,0.7578125,0.7578125,0.7734375,0.7578125,0.0,0.0,0.0,0.0,0.0,0.0,0.0,0.0,0.7421875,0.7578125,0.6484375,0.6484375,33.33333333333333,74.90570147012065,74.90570147012065,74.90570147012065,0.0,0.0,0.0,1.983040934882521,99.68506908883056,0.0,0.0,0.0,0.0,0.0,1.9709241168841107,99.65651441237684,0,0.0
0.5078125,0.515625,0.7578125,0.7578125,0.7734375,0.7578125,0.0,0.0,0.0,0.0,0.0,0.0,0.0,0.0,0.7421875,0.7578125,0.6484375,0.6484375,33.33333333333333,74.90570147012065,74.90570147012065,74.90570147012065,0.0,0.0,0.0,2.0240079156338706,99.68506908883056,0.0,0.0,0.0,0.0,0.0,1.995472562858507,99.66348030127531,0,0.0
0.5078125,0.515625,0.7578125,0.7578125,0.7734375,0.7578125,0.0,0.0,0.0,0.0,0.0,0.0,0.0,0.0,0.7421875,0.7578125,0.6484375,0.6484375,33.33333333333333,74.90570147012065,74.90570147012065,74.90570147012065,0.0,0.0,0.0,2.005373594086132,99.68506908883056,0.0,0.0,0.0,0.0,0.0,2.014358227800801,99.65268200045378,0,0.0
0.5078125,0.515625,0.7578125,0.7578125,0.7734375,0.7578125,0.0,0.0,0.0,0.0,0.0,0.0,0.0,0.0,0.7421875,0.7578125,0.6484375,0.6484375,33.33333333333333,74.90570147012065,74.90570147012065,74.90570147012065,0.0,0.0,0.0,2.015718547658002,99.68506908883056,0.0,0.0,0.0,0.0,0.0,1.995472562858507,99.65268200045378,0,0.0
0.5078125,0.515625,0.7578125,0.7578125,0.7734375,0.7578125,0.0,0.0,0.0,0.0,0.0,0.0,0.0,0.0,0.7421875,0.7578125,0.6484375,0.6484375,33.33333333333333,74.90570147012065,75.11059237448933,74.90570147012065,0.0,0.0,0.0,2.0240079156338706,99.68506908883056,0.0,0.0,0.0,0.0,0.0,2.014358227800801,99.65268200045378,0,0.0
0.5078125,0.515625,0.7578125,0.7578125,0.7734375,0.7578125,0.0,0.0,0.0,0.0,0.0,0.0,0.0,0.0,0.7421875,0.7578125,0.6484375,0.6484375,33.33333333333333,74.99581701902996,75.02776956451052,75.02776956451052,0.0,0.0,0.0,1.9871005948436395,99.68506908883056,0.0,0.0,0.0,0.0,0.0,2.004644132706522,99.65268200045378,0,0.0
0.5078125,0.515625,0.7578125,0.7578125,0.7734375,0.7578125,0.0,0.0,0.0,0.0,0.0,0.0,0.0,0.0,0.7421875,0.7578125,0.6484375,0.6484375,33.33333333333333,75.02776956451052,75.02776956451052,75.02776956451052,0.0,0.0,0.0,2.003208062429463,99.56571622641246,0.0,0.0,0.0,0.0,0.0,2.040912771120284,99.640742982791,0,0.0
0.5078125,0.515625,0.7578125,0.7578125,0.7734375,0.7578125,0.0,0.0,0.0,0.0,0.0,0.0,0.0,0.0,0.7421875,0.7578125,0.6484375,0.6484375,33.33333333333333,75.02776956451052,75.02776956451052,74.99581701902996,0.0,0.0,0.0,1.9871005948436395,99.56571622641246,0.0,0.0,0.0,0.0,0.0,2.016870302192491,99.51463225400686,0,0.0
0.5078125,0.515625,0.7578125,0.7578125,0.7734375,0.7578125,0.0,0.0,0.0,0.0,0.0,0.0,0.0,0.0,0.7421875,0.7578125,0.6484375,0.6484375,33.33333333333333,75.02776956451052,75.02776956451052,75.02776956451052,0.0,0.0,0.0,1.969331064843228,99.56571622641246,0.0,0.0,0.0,0.0,0.0,2.040912771120284,99.640742982791,0,0.0
0.5078125,0.515625,0.7578125,0.7578125,0.7734375,0.7578125,0.0,0.0,0.0,0.0,0.0,0.0,0.0,0.0,0.7421875,0.7578125,0.6484375,0.6484375,33.33333333333333,75.02776956451052,75.02776956451052,75.02776956451052,0.0,0.0,0.0,2.0329517236760166,99.56571622641246,0.0,0.0,0.0,0.0,0.0,2.0474405600804686,99.640742982791,0,0.0
0.5078125,0.515625,0.7578125,0.7578125,0.7734375,0.7578125,0.0,0.0,0.0,0.0,0.0,0.0,0.0,0.0,0.7421875,0.7578125,0.6484375,0.6484375,33.33333333333333,75.02776956451052,75.02776956451052,75.02776956451052,0.0,0.0,0.0,1.9871005948436395,99.56571622641246,0.0,0.0,0.0,0.0,0.0,2.0474405600804686,99.9444980500798,0,0.0
0.5078125,0.515625,0.7578125,0.7578125,0.7734375,0.7578125,0.0,0.0,0.0,0.0,0.0,0.0,0.0,0.0,0.7421875,0.7578125,0.6484375,0.6484375,33.33333333333333,75.02776956451052,75.02776956451052,75.02776956451052,0.0,0.0,0.0,2.0003071275410007,99.56571622641246,0.0,0.0,0.0,0.0,0.0,1.9911564789222596,99.9444980500798,0,0.0
0.5078125,0.515625,0.7578125,0.7578125,0.7734375,0.7578125,0.0,0.0,0.0,0.0,0.0,0.0,0.0,0.0,0.7421875,0.7578125,0.6484375,0.6484375,33.33333333333333,75.02776956451052,75.02776956451052,74.99581701902996,0.0,0.0,0.0,1.969331064843228,99.56571622641246,0.0,0.0,0.0,0.0,0.0,2.004644132706522,99.9444980500798,0,0.0
0.5078125,0.515625,0.7578125,0.7578125,0.7734375,0.7578125,0.0,0.0,0.0,0.0,0.0,0.0,0.0,0.0,0.7421875,0.7578125,0.6484375,0.6484375,33.33333333333333,75.02776956451052,75.02776956451052,75.02776956451052,0.0,0.0,0.0,1.9871005948436395,99.56571622641246,0.0,0.0,0.0,0.0,0.0,2.040912771120284,99.9444980500798,0,0.0
0.5078125,0.515625,0.7578125,0.7578125,0.7734375,0.7578125,0.0,0.0,0.0,0.0,0.0,0.0,0.0,0.0,0.7421875,0.7578125,0.6484375,0.6484375,33.33333333333333,75.02776956451052,74.99581701902996,75.02776956451052,0.0,0.0,0.0,2.003208062429463,99.56571622641246,0.0,0.0,0.0,0.0,0.0,2.040912771120284,99.640742982791,0,0.0
0.5078125,0.515625,0.7578125,0.7578125,0.7734375,0.7578125,0.0,0.0,0.0,0.0,0.0,0.0,0.0,0.0,0.7421875,0.7578125,0.6484375,0.6484375,33.33333333333333,74.99581701902996,75.02776956451052,75.02776956451052,0.0,0.0,0.0,1.9871005948436395,99.56571622641246,0.0,0.0,0.0,0.0,0.0,2.0474405600804686,99.640742982791,0,0.0
0.5078125,0.515625,0.7578125,0.7578125,0.7734375,0.7578125,0.0,0.0,0.0,0.0,0.0,0.0,0.0,0.0,0.7421875,0.7578125,0.6484375,0.6484375,33.33333333333333,75.02776956451052,75.02776956451052,75.02776956451052,0.0,0.0,0.0,2.003208062429463,99.56571622641246,0.0,0.0,0.0,0.0,0.0,2.016870302192491,99.54402042788676,0,0.0
0.5078125,0.515625,0.7578125,0.7578125,0.7734375,0.7578125,0.0,0.0,0.0,0.0,0.0,0.0,0.0,0.0,0.7421875,0.7578125,0.6484375,0.6484375,33.33333333333333,75.02776956451052,75.02776956451052,75.02776956451052,0.0,0.0,0.0,2.020755407734128,99.56571622641246,0.0,0.0,0.0,0.0,0.0,2.0474405600804686,99.54402042788676,0,0.0
0.5078125,0.515625,0.7578125,0.7578125,0.7734375,0.7578125,0.0,0.0,0.0,0.0,0.0,0.0,0.0,0.0,0.7421875,0.7578125,0.6484375,0.6484375,33.33333333333333,75.02776956451052,75.02776956451052,75.02776956451052,0.0,0.0,0.0,2.003208062429463,99.56571622641246,0.0,0.0,0.0,0.0,0.0,2.040912771120284,99.54402042788676,0,0.0
0.5078125,0.5,0.7578125,0.7578125,0.7734375,0.7578125,0.0,0.0,0.0,0.0,0.0,0.0,0.0,0.0,0.7421875,0.7578125,0.6484375,0.6484375,33.33333333333333,75.02776956451052,75.02776956451052,74.99581701902996,0.0,0.0,0.0,1.9871005948436395,99.56571622641246,0.0,0.0,0.0,0.0,0.0,2.040912771120284,99.640742982791,0,0.0
0.5078125,0.5,0.7578125,0.7578125,0.7734375,0.7578125,0.0,0.0,0.0,0.0,0.0,0.0,0.0,0.0,0.7421875,0.7578125,0.6484375,0.6484375,33.33333333333333,75.02776956451052,75.02776956451052,75.02776956451052,0.0,0.0,0.0,1.9871005948436395,99.56571622641246,0.0,0.0,0.0,0.0,0.0,2.004644132706522,99.640742982791,0,0.0
0.5078125,0.5,0.7578125,0.7578125,0.7734375,0.7578125,0.0,0.0,0.0,0.0,0.0,0.0,0.0,0.0,0.7421875,0.7578125,0.6484375,0.6484375,33.33333333333333,75.02776956451052,74.99581701902996,75.02776956451052,0.0,0.0,0.0,2.003208062429463,99.56571622641246,0.0,0.0,0.0,0.0,0.0,2.016870302192491,99.51463225400686,0,0.0
0.5078125,0.5,0.7578125,0.7578125,0.7734375,0.7578125,0.0,0.0,0.0,0.0,0.0,0.0,0.0,0.0,0.7421875,0.7578125,0.6484375,0.6484375,33.33333333333333,75.02776956451052,75.02776956451052,75.02776956451052,0.0,0.0,0.0,1.9871005948436395,99.56571622641246,0.0,0.0,0.0,0.0,0.0,2.040912771120284,99.640742982791,0,0.0
0.5078125,0.5,0.7578125,0.7578125,0.7734375,0.7578125,0.0,0.0,0.0,0.0,0.0,0.0,0.0,0.0,0.7421875,0.7578125,0.6484375,0.6484375,33.33333333333333,74.99581701902996,75.02776956451052,75.02776956451052,0.0,0.0,0.0,2.003208062429463,99.56571622641246,0.0,0.0,0.0,0.0,0.0,2.040912771120284,99.640742982791,0,0.0
0.5078125,0.5,0.7578125,0.7578125,0.7734375,0.7578125,0.0,0.0,0.0,0.0,0.0,0.0,0.0,0.0,0.7421875,0.7578125,0.6484375,0.6484375,33.33333333333333,75.02776956451052,74.97162790577417,74.99581701902996,0.0,0.0,0.0,2.0003071275410007,99.54601936697917,0.0,0.0,0.0,0.0,0.0,1.9911564789222596,99.54402042788676,0,0.0
0.5078125,0.5,0.7578125,0.7578125,0.7734375,0.7578125,0.0,0.0,0.0,0.0,0.0,0.0,0.0,0.0,0.7421875,0.7578125,0.6484375,0.6484375,33.33333333333333,74.892097707266,74.892097707266,74.892097707266,0.0,0.0,0.0,2.0146136704966517,99.54601936697917,0.0,0.0,0.0,0.0,0.0,2.01765612224324,99.54402042788676,0,0.0
0.5078125,0.5,0.7578125,0.7578125,0.7734375,0.7578125,0.0,0.0,0.0,0.0,0.0,0.0,0.0,0.0,0.7421875,0.7578125,0.6484375,0.6484375,33.33333333333333,74.84375286811593,74.892097707266,74.892097707266,0.0,0.0,0.0,1.9967637892337364,99.54601936697917,0.0,0.0,0.0,0.0,0.0,1.9841870442987968,99.94817038757512,0,0.0
0.5078125,0.5,0.7578125,0.7578125,0.7734375,0.7578125,0.0,0.0,0.0,0.0,0.0,0.0,0.0,0.0,0.7421875,0.7578125,0.6484375,0.6484375,33.33333333333333,74.892097707266,74.90675061647795,74.892097707266,0.0,0.0,0.0,2.0146136704966517,99.54601936697917,0.0,0.0,0.0,0.0,0.0,2.01765612224324,99.94817038757512,0,0.0
0.5078125,0.5,0.7578125,0.7578125,0.7734375,0.7578125,0.0,0.0,0.0,0.0,0.0,0.0,0.0,0.0,0.7421875,0.7578125,0.6484375,0.6484375,33.33333333333333,74.892097707266,74.892097707266,74.892097707266,0.0,0.0,0.0,2.016903212396852,99.54601936697917,0.0,0.0,0.0,0.0,0.0,1.9841870442987968,99.94817038757512,0,0.0
0.5078125,0.5,0.7578125,0.7578125,0.7734375,0.7578125,0.0,0.0,0.0,0.0,0.0,0.0,0.0,0.0,0.7421875,0.7578125,0.6484375,0.6484375,33.33333333333333,74.84375286811593,74.892097707266,74.892097707266,0.0,0.0,0.0,1.9967637892337364,99.54601936697917,0.0,0.0,0.0,0.0,0.0,1.962906687177684,99.6884130913466,0,0.0
0.5078125,0.5,0.7578125,0.7578125,0.7734375,0.7578125,0.0,0.0,0.0,0.0,0.0,0.0,0.0,0.0,0.7421875,0.7578125,0.6484375,0.6484375,33.33333333333333,74.892097707266,74.84375286811593,74.892097707266,0.0,0.0,0.0,1.9967637892337364,99.54601936697917,0.0,0.0,0.0,0.0,0.0,1.9841870442987968,99.94817038757512,0,0.0
0.5078125,0.5,0.7578125,0.7578125,0.7734375,0.7578125,0.0,0.0,0.0,0.0,0.0,0.0,0.0,0.0,0.7421875,0.7578125,0.6484375,0.6484375,33.33333333333333,74.892097707266,74.892097707266,74.892097707266,0.0,0.0,0.0,1.9967637892337364,99.54601936697917,0.0,0.0,0.0,0.0,0.0,2.01765612224324,99.94817038757512,0,0.0
0.5078125,0.5,0.7578125,0.7578125,0.7734375,0.7578125,0.0,0.0,0.0,0.0,0.0,0.0,0.0,0.0,0.7421875,0.7578125,0.6484375,0.6484375,33.33333333333333,74.84375286811593,74.892097707266,74.892097707266,0.0,0.0,0.0,2.0146136704966517,99.54601936697917,0.0,0.0,0.0,0.0,0.0,1.962906687177684,99.68357756929927,0,0.0
0.5078125,0.5,0.7578125,0.7578125,0.7734375,0.7578125,0.0,0.0,0.0,0.0,0.0,0.0,0.0,0.0,0.7421875,0.7578125,0.6484375,0.6484375,33.33333333333333,74.892097707266,74.84375286811593,74.892097707266,0.0,0.0,0.0,2.016903212396852,99.54601936697917,0.0,0.0,0.0,0.0,0.0,1.9841870442987968,99.94817038757512,0,0.0
0.5078125,0.5,0.7578125,0.7578125,0.7734375,0.7578125,0.0,0.0,0.0,0.0,0.0,0.0,0.0,0.0,0.7421875,0.7578125,0.6484375,0.6484375,33.33333333333333,74.892097707266,74.892097707266,74.892097707266,0.0,0.0,0.0,1.9967637892337364,99.54601936697917,0.0,0.0,0.0,0.0,0.0,1.9841870442987968,99.94817038757512,0,0.0
0.5078125,0.5,0.7578125,0.7578125,0.7734375,0.7578125,0.0,0.0,0.0,0.0,0.0,0.0,0.0,0.0,0.7421875,0.7578125,0.6484375,0.6484375,33.33333333333333,74.84375286811593,74.892097707266,74.84375286811593,0.0,0.0,0.0,2.014069659966524,99.5307126592146,0.0,0.0,0.0,0.0,0.0,1.9786320483901845,99.71432053450646,0,0.0
0.5078125,0.5,0.7578125,0.7734375,0.7734375,0.7578125,0.0,0.0,0.0,0.0,0.0,0.0,0.0,0.0,0.7421875,0.7578125,0.6484375,0.6484375,33.33333333333333,74.892097707266,74.84375286811593,74.892097707266,0.0,0.0,0.0,1.9967637892337364,99.5307126592146,0.0,0.0,0.0,0.0,0.0,1.962906687177684,99.94817038757512,0,0.0
0.5078125,0.5,0.7578125,0.7734375,0.7734375,0.7890625,0.0,0.0,0.0,0.0,0.0,0.0,0.0,0.0,0.7421875,0.7578125,0.6484375,0.6484375,33.33333333333333,74.892097707266,74.90675061647795,74.84375286811593,0.0,0.0,0.0,1.9967637892337364,99.5307126592146,0.0,0.0,0.0,0.0,0.0,1.9841870442987968,99.94817038757512,0,0.0
0.5078125,0.5,0.7578125,0.7734375,0.7734375,0.7890625,0.0,0.0,0.0,0.0,0.0,0.0,0.0,0.0,0.7421875,0.7578125,0.6484375,0.6484375,33.33333333333333,74.84375286811593,74.892097707266,74.84375286811593,0.0,0.0,0.0,1.9967637892337364,99.5307126592146,0.0,0.0,0.0,0.0,0.0,2.0203809949719904,99.94817038757512,0,0.0
0.5078125,0.5,0.7578125,0.7734375,0.7734375,0.7890625,0.0,0.0,0.0,0.0,0.0,0.0,0.0,0.0,0.7421875,0.7578125,0.6484375,0.6484375,33.33333333333333,74.892097707266,74.892097707266,74.892097707266,0.0,0.0,0.0,2.016903212396852,99.5307126592146,0.0,0.0,0.0,0.0,0.0,2.01765612224324,99.94817038757512,0,0.0
0.5078125,0.5,0.7578125,0.7734375,0.7734375,0.7890625,0.0,0.0,0.0,0.0,0.0,0.0,0.0,0.0,0.7421875,0.7578125,0.6484375,0.6484375,33.33333333333333,74.892097707266,74.90675061647795,74.892097707266,0.0,0.0,0.0,1.9875793114626013,99.5307126592146,0.0,0.0,0.0,0.0,0.0,2.023730129632518,99.94817038757512,0,0.0
0.5078125,0.5,0.7578125,0.7734375,0.7734375,0.7890625,0.0,0.0,0.0,0.0,0.0,0.0,0.0,0.0,0.7421875,0.7578125,0.6484375,0.6484375,33.33333333333333,74.892097707266,74.892097707266,74.84375286811593,0.0,0.0,0.0,2.0146136704966517,99.5307126592146,0.0,0.0,0.0,0.0,0.0,2.01765612224324,99.94817038757512,0,0.0
0.5078125,0.5,0.7578125,0.7734375,0.7734375,0.7890625,0.0,0.0,0.0,0.0,0.0,0.0,0.0,0.0,0.7421875,0.7578125,0.6484375,0.6484375,33.33333333333333,74.892097707266,74.892097707266,74.892097707266,0.0,0.0,0.0,1.9967637892337364,99.5307126592146,0.0,0.0,0.0,0.0,0.0,1.9841870442987968,99.94817038757512,0,0.0
0.5078125,0.5,0.7578125,0.7734375,0.7734375,0.7890625,0.0,0.0,0.0,0.0,0.0,0.0,0.0,0.0,0.7421875,0.7578125,0.6484375,0.6484375,33.33333333333333,74.84375286811593,74.892097707266,74.892097707266,0.0,0.0,0.0,2.0146136704966517,99.5307126592146,0.0,0.0,0.0,0.0,0.0,1.9822625626672357,99.94817038757512,0,0.0
0.5078125,0.5,0.7578125,0.7734375,0.7734375,0.7890625,0.0,0.0,0.0,0.0,0.0,0.0,0.0,0.0,0.7421875,0.7578125,0.6484375,0.6484375,33.33333333333333,74.892097707266,74.892097707266,74.892097707266,0.0,0.0,0.0,1.9967637892337364,99.5307126592146,0.0,0.0,0.0,0.0,0.0,2.0203809949719904,99.7280292212812,0,0.0
0.5078125,0.5,0.7578125,0.7734375,0.7734375,0.7890625,0.0,0.0,0.0,0.0,0.0,0.0,0.0,0.0,0.7421875,0.7578125,0.6484375,0.6484375,33.33333333333333,75.04403074228469,75.04403074228469,75.04403074228469,0.0,0.0,0.0,1.9780295252555555,99.79887497701758,0.0,0.0,0.0,0.0,0.0,2.014454045085469,99.7280292212812,0,0.0
0.5078125,0.5,0.7578125,0.7734375,0.7734375,0.7890625,0.0,0.0,0.0,0.0,0.0,0.0,0.0,0.0,0.7421875,0.7578125,0.6484375,0.6484375,33.33333333333333,75.03209726211284,75.04403074228469,75.04403074228469,0.0,0.0,0.0,1.97563673672807,99.79887497701758,0.0,0.0,0.0,0.0,0.0,2.015762783568106,99.94939974106428,0,0.0
0.5078125,0.5,0.7578125,0.7734375,0.7734375,0.7890625,0.0,0.0,0.0,0.0,0.0,0.0,0.0,0.0,0.7421875,0.7578125,0.6484375,0.6484375,33.33333333333333,75.04403074228469,75.0594577530428,75.03209726211284,0.0,0.0,0.0,2.0048597493011995,99.79887497701758,0.0,0.0,0.0,0.0,0.0,1.974976878710633,99.94939974106428,0,0.0
0.5078125,0.5,0.7578125,0.7734375,0.7734375,0.7890625,0.0,0.0,0.0,0.0,0.0,0.0,0.0,0.0,0.7421875,0.7578125,0.6484375,0.6484375,33.33333333333333,75.04403074228469,75.04403074228469,75.04403074228469,0.0,0.0,0.0,1.9839196299767428,99.79887497701758,0.0,0.0,0.0,0.0,0.0,1.9743904816451012,99.64533964128192,0,0.0
0.5078125,0.5,0.7578125,0.7734375,0.7734375,0.7890625,0.0,0.0,0.0,0.0,0.0,0.0,0.0,0.0,0.7421875,0.7578125,0.6484375,0.6484375,33.33333333333333,75.04403074228469,75.04403074228469,75.04403074228469,0.0,0.0,0.0,2.003619000787362,99.79887497701758,0.0,0.0,0.0,0.0,0.0,2.015762783568106,99.94939974106428,0,0.0
0.5078125,0.5,0.7578125,0.7734375,0.7734375,0.7890625,0.0,0.0,0.0,0.0,0.0,0.0,0.0,0.0,0.7421875,0.7578125,0.6484375,0.6484375,33.33333333333333,75.04403074228469,75.04403074228469,75.04403074228469,0.0,0.0,0.0,1.97563673672807,99.79887497701758,0.0,0.0,0.0,0.0,0.0,2.006190301621746,99.95263654075656,0,0.0
0.5078125,0.5,0.7578125,0.7734375,0.7734375,0.7890625,0.0,0.0,0.0,0.0,0.0,0.0,0.0,0.0,0.7421875,0.7578125,0.6484375,0.6484375,33.33333333333333,75.04403074228469,75.03209726211284,75.03209726211284,0.0,0.0,0.0,2.0123799363879518,99.79887497701758,0.0,0.0,0.0,0.0,0.0,2.0212082554100923,99.94939974106428,0,0.0
0.5078125,0.5,0.7578125,0.7734375,0.7734375,0.7890625,0.0,0.0,0.0,0.0,0.0,0.0,0.0,0.0,0.7421875,0.7578125,0.6484375,0.6484375,33.33333333333333,75.04403074228469,75.04403074228469,75.04403074228469,0.0,0.0,0.0,2.0152573191432013,99.79887497701758,0.0,0.0,0.0,0.0,0.0,2.014454045085469,99.94939974106428,0,0.0
0.5078125,0.5,0.7578125,0.7734375,0.7734375,0.7890625,0.0,0.0,0.0,0.0,0.0,0.0,0.0,0.0,0.7421875,0.7578125,0.6484375,0.6484375,33.33333333333333,75.04403074228469,75.04403074228469,75.04403074228469,0.0,0.0,0.0,2.0123799363879518,99.79887497701758,0.0,0.0,0.0,0.0,0.0,2.015762783568106,99.94939974106428,0,0.0
0.5078125,0.5,0.7578125,0.7734375,0.7734375,0.7890625,0.0,0.0,0.0,0.0,0.0,0.0,0.0,0.0,0.7421875,0.7578125,0.6484375,0.6484375,33.33333333333333,75.04403074228469,75.04403074228469,75.04403074228469,0.0,0.0,0.0,1.97563673672807,99.7410450380066,0.0,0.0,0.0,0.0,0.0,2.0160729818827976,99.94939974106428,0,0.0
0.5078125,0.5,0.7578125,0.7734375,0.7734375,0.7890625,0.0,0.0,0.0,0.0,0.0,0.0,0.0,0.0,0.7421875,0.7578125,0.6484375,0.6484375,33.33333333333333,75.03209726211284,75.0594577530428,75.03209726211284,0.0,0.0,0.0,2.0123799363879518,99.7410450380066,0.0,0.0,0.0,0.0,0.0,2.0212082554100923,99.77726155737837,0,0.0
0.5078125,0.5,0.7578125,0.7734375,0.7734375,0.7890625,0.0,0.0,0.0,0.0,0.0,0.0,0.0,0.0,0.7421875,0.7578125,0.6484375,0.6484375,33.33333333333333,75.04403074228469,75.04403074228469,75.04403074228469,0.0,0.0,0.0,2.0123799363879518,99.7410450380066,0.0,0.0,0.0,0.0,0.0,2.015762783568106,99.94939974106428,0,0.0
0.5078125,0.5,0.7578125,0.7734375,0.7734375,0.7890625,0.0,0.0,0.0,0.0,0.0,0.0,0.0,0.0,0.7421875,0.7578125,0.6484375,0.6484375,33.33333333333333,75.04403074228469,75.04403074228469,75.04403074228469,0.0,0.0,0.0,2.0123799363879518,99.7410450380066,0.0,0.0,0.0,0.0,0.0,2.006190301621746,99.95263654075656,0,0.0
0.5078125,0.5,0.7578125,0.7734375,0.7734375,0.7890625,0.0,0.0,0.0,0.0,0.0,0.0,0.0,0.0,0.7421875,0.7578125,0.6484375,0.6484375,33.33333333333333,75.04403074228469,75.04403074228469,75.04403074228469,0.0,0.0,0.0,2.0123799363879518,99.7410450380066,0.0,0.0,0.0,0.0,0.0,2.0212082554100923,99.94939974106428,0,0.0
0.4921875,0.5078125,0.7578125,0.7734375,0.7734375,0.7890625,0.0,0.0,0.0,0.0,0.0,0.0,0.0,0.0,0.7421875,0.7578125,0.6484375,0.6484375,33.33333333333333,75.0594577530428,75.0594577530428,75.03209726211284,0.0,0.0,0.0,2.003619000787362,99.7410450380066,0.0,0.0,0.0,0.0,0.0,2.015762783568106,99.94939974106428,0,0.0
0.4921875,0.5078125,0.7578125,0.7734375,0.7734375,0.7890625,0.0,0.0,0.0,0.0,0.0,0.0,0.0,0.0,0.7421875,0.7578125,0.6484375,0.6484375,33.33333333333333,75.04403074228469,75.04403074228469,75.04403074228469,0.0,0.0,0.0,1.97563673672807,99.7410450380066,0.0,0.0,0.0,0.0,0.0,2.014454045085469,99.94939974106428,0,0.0
0.4921875,0.5078125,0.7578125,0.7734375,0.7734375,0.7890625,0.0,0.0,0.0,0.0,0.0,0.0,0.0,0.0,0.7421875,0.7578125,0.6484375,0.6484375,33.33333333333333,75.04403074228469,75.04403074228469,75.04403074228469,0.0,0.0,0.0,1.97563673672807,99.79887497701758,0.0,0.0,0.0,0.0,0.0,2.006190301621746,99.95263654075656,0,0.0
0.4921875,0.5078125,0.7578125,0.7734375,0.7734375,0.7890625,0.0,0.0,0.0,0.0,0.0,0.0,0.0,0.0,0.7421875,0.7578125,0.6484375,0.6484375,33.33333333333333,75.04403074228469,75.04403074228469,75.04403074228469,0.0,0.0,0.0,2.0123799363879518,99.79887497701758,0.0,0.0,0.0,0.0,0.0,2.015762783568106,99.95263654075656,0,0.0
0.4921875,0.5078125,0.7578125,0.7734375,0.7734375,0.7890625,0.0,0.0,0.0,0.0,0.0,0.0,0.0,0.0,0.7421875,0.7578125,0.6484375,0.6484375,33.33333333333333,75.04403074228469,75.0594577530428,75.03209726211284,0.0,0.0,0.0,1.97563673672807,99.79887497701758,0.0,0.0,0.0,0.0,0.0,2.014454045085469,99.95263654075656,0,0.0
0.4921875,0.5078125,0.7578125,0.7734375,0.7734375,0.7890625,0.0,0.0,0.0,0.0,0.0,0.0,0.0,0.0,0.7421875,0.7578125,0.6484375,0.6484375,33.33333333333333,75.04403074228469,75.04403074228469,75.04403074228469,0.0,0.0,0.0,2.0123799363879518,99.79887497701758,0.0,0.0,0.0,0.0,0.0,2.0212082554100923,99.77726155737837,0,0.0
0.4921875,0.5078125,0.7578125,0.7734375,0.7734375,0.7890625,0.0,0.0,0.0,0.0,0.0,0.0,0.0,0.0,0.7421875,0.7578125,0.6484375,0.6484375,33.33333333333333,74.99366170650069,74.99366170650069,74.99366170650069,0.0,0.0,0.0,1.9931730371517853,99.79887497701758,0.0,0.0,0.0,0.0,0.0,1.9918511106627088,99.77726155737837,0,0.0
0.4921875,0.5078125,0.7578125,0.7734375,0.7734375,0.7890625,0.0,0.0,0.0,0.0,0.0,0.0,0.0,0.0,0.7421875,0.7578125,0.6484375,0.6484375,33.33333333333333,74.99366170650069,74.99366170650069,74.99366170650069,0.0,0.0,0.0,1.9929293662922976,99.79887497701758,0.0,0.0,0.0,0.0,0.0,1.998652851100344,99.6830954784928,0,0.0
0.4921875,0.5078125,0.7578125,0.7734375,0.7734375,0.7890625,0.0,0.0,0.0,0.0,0.0,0.0,0.0,0.0,0.7421875,0.7578125,0.6484375,0.6484375,33.33333333333333,74.99366170650069,75.03409649703381,75.03409649703381,0.0,0.0,0.0,1.9931730371517853,99.79887497701758,0.0,0.0,0.0,0.0,0.0,2.0107863619653465,99.6830954784928,0,0.0
0.4921875,0.5078125,0.7578125,0.7734375,0.7734375,0.7890625,0.0,0.0,0.0,0.0,0.0,0.0,0.0,0.0,0.7421875,0.7578125,0.6484375,0.6484375,33.33333333333333,75.07343299991332,74.99366170650069,74.99366170650069,0.0,0.0,0.0,1.98346287106313,99.79887497701758,0.0,0.0,0.0,0.0,0.0,2.0107863619653465,99.6830954784928,0,0.0
0.4921875,0.5078125,0.7578125,0.7734375,0.7734375,0.7890625,0.0,0.0,0.0,0.0,0.0,0.0,0.0,0.0,0.7421875,0.7578125,0.6484375,0.6484375,33.33333333333333,74.99366170650069,74.99366170650069,74.99366170650069,0.0,0.0,0.0,1.9931730371517853,99.79887497701758,0.0,0.0,0.0,0.0,0.0,1.9872031686988632,99.6830954784928,0,0.0
0.4921875,0.5078125,0.7578125,0.7734375,0.7734375,0.7890625,0.0,0.0,0.0,0.0,0.0,0.0,0.0,0.0,0.7421875,0.7578125,0.6484375,0.6484375,33.33333333333333,74.99366170650069,74.99366170650069,74.99366170650069,0.0,0.0,0.0,1.9929293662922976,99.84701653777216,0.0,0.0,0.0,0.0,0.0,2.0107863619653465,99.6830954784928,0,0.0
0.4921875,0.5078125,0.7578125,0.7734375,0.7734375,0.7890625,0.0,0.0,0.0,0.0,0.0,0.0,0.0,0.0,0.7421875,0.7578125,0.6484375,0.6484375,33.33333333333333,74.99366170650069,75.03409649703381,74.99366170650069,0.0,0.0,0.0,1.9971907638618565,99.84701653777216,0.0,0.0,0.0,0.0,0.0,1.9846321072704936,99.95206801843996,0,0.0
0.4921875,0.5078125,0.7578125,0.7734375,0.7734375,0.7890625,0.0,0.0,0.0,0.0,0.0,0.0,0.0,0.0,0.7421875,0.7578125,0.6484375,0.6484375,33.33333333333333,75.07343299991332,74.99366170650069,74.99366170650069,0.0,0.0,0.0,1.9929293662922976,99.82649529041042,0.0,0.0,0.0,0.0,0.0,1.9849186497082127,99.95206801843996,0,0.0
0.4921875,0.5078125,0.7578125,0.7734375,0.7734375,0.7890625,0.0,0.0,0.0,0.0,0.0,0.0,0.0,0.0,0.7421875,0.7578125,0.6484375,0.6484375,33.33333333333333,74.99366170650069,74.99366170650069,74.99366170650069,0.0,0.0,0.0,1.9931730371517853,99.82649529041042,0.0,0.0,0.0,0.0,0.0,1.999611600640468,99.95206801843996,0,0.0
0.4921875,0.5078125,0.7578125,0.7734375,0.7734375,0.7890625,0.0,0.0,0.0,0.0,0.0,0.0,0.0,0.0,0.7421875,0.7578125,0.6484375,0.6484375,33.33333333333333,74.99366170650069,74.99366170650069,75.03409649703381,0.0,0.0,0.0,1.9931730371517853,99.82649529041042,0.0,0.0,0.0,0.0,0.0,1.9872031686988632,99.95206801843996,0,0.0
0.4921875,0.5078125,0.7578125,0.7734375,0.7734375,0.7890625,0.0,0.0,0.0,0.0,0.0,0.0,0.0,0.0,0.7421875,0.7578125,0.6484375,0.6484375,33.33333333333333,74.99366170650069,74.99366170650069,74.99366170650069,0.0,0.0,0.0,1.9931730371517853,99.82649529041042,0.0,0.0,0.0,0.0,0.0,1.9872031686988632,99.95206801843996,0,0.0
0.4921875,0.5078125,0.7578125,0.7734375,0.7734375,0.7890625,0.0,0.0,0.0,0.0,0.0,0.0,0.0,0.0,0.7421875,0.7578125,0.6484375,0.6484375,33.33333333333333,75.07343299991332,74.99366170650069,74.99366170650069,0.0,0.0,0.0,1.9929293662922976,99.84701653777216,0.0,0.0,0.0,0.0,0.0,2.0107863619653465,99.95206801843996,0,0.0
0.4921875,0.5078125,0.7578125,0.7734375,0.7734375,0.7890625,0.0,0.0,0.0,0.0,0.0,0.0,0.0,0.0,0.7421875,0.7578125,0.6484375,0.6484375,33.33333333333333,74.99366170650069,74.99366170650069,74.99366170650069,0.0,0.0,0.0,1.9971907638618565,99.84701653777216,0.0,0.0,0.0,0.0,0.0,1.9846321072704936,99.95206801843996,0,0.0
0.4921875,0.5078125,0.7578125,0.7734375,0.7734375,0.7890625,0.0,0.0,0.0,0.0,0.0,0.0,0.0,0.0,0.7421875,0.7578125,0.6484375,0.6484375,33.33333333333333,74.99366170650069,75.03409649703381,74.99366170650069,0.0,0.0,0.0,1.98346287106313,99.84701653777216,0.0,0.0,0.0,0.0,0.0,2.0107863619653465,99.5358754007478,0,0.0
0.4921875,0.5078125,0.7578125,0.7734375,0.7734375,0.7890625,0.0,0.0,0.0,0.0,0.0,0.0,0.0,0.0,0.7421875,0.7578125,0.6484375,0.6484375,33.33333333333333,74.99366170650069,74.99366170650069,74.99366170650069,0.0,0.0,0.0,1.999089760825835,99.64909052158414,0.0,0.0,0.0,0.0,0.0,1.9846321072704936,99.95206801843996,0,0.0
0.4921875,0.5078125,0.7578125,0.7734375,0.7734375,0.7890625,0.0,0.0,0.0,0.0,0.0,0.0,0.0,0.0,0.7421875,0.7578125,0.6484375,0.6484375,33.33333333333333,74.99366170650069,74.99366170650069,74.99366170650069,0.0,0.0,0.0,2.027488921281156,99.50256410032054,0.0,0.0,0.0,0.0,0.0,1.995984090040634,99.95206801843996,0,0.0
0.4921875,0.5078125,0.7578125,0.7734375,0.7734375,0.7890625,0.0,0.0,0.0,0.0,0.0,0.0,0.0,0.0,0.7421875,0.7734375,0.6328125,0.625,33.33333333333333,74.99366170650069,74.99366170650069,75.03409649703381,0.0,0.0,0.0,1.999089760825835,99.64909052158414,0.0,0.0,0.0,0.0,0.0,1.9994637596617475,99.95206801843996,0,0.0
0.4921875,0.5078125,0.7578125,0.7734375,0.7734375,0.7890625,0.0,0.0,0.0,0.0,0.0,0.0,0.0,0.0,0.7421875,0.7734375,0.6328125,0.625,33.33333333333333,75.03409649703381,74.99366170650069,74.99366170650069,0.0,0.0,0.0,1.9929293662922976,99.84701653777216,0.0,0.0,0.0,0.0,0.0,1.998652851100344,99.6830954784928,0,0.0
0.4921875,0.5078125,0.7578125,0.7734375,0.7734375,0.7890625,0.0,0.0,0.0,0.0,0.0,0.0,0.0,0.0,0.7421875,0.7734375,0.6328125,0.625,33.33333333333333,74.99366170650069,74.99366170650069,74.99366170650069,0.0,0.0,0.0,1.9931730371517853,99.84701653777216,0.0,0.0,0.0,0.0,0.0,1.9872031686988632,99.6830954784928,0,0.0
0.4921875,0.5078125,0.7578125,0.7734375,0.7734375,0.7890625,0.0,0.0,0.0,0.0,0.0,0.0,0.0,0.0,0.7421875,0.7734375,0.6328125,0.625,33.33333333333333,74.99366170650069,75.03409649703381,74.99366170650069,0.0,0.0,0.0,1.9951166939000573,99.84701653777216,0.0,0.0,0.0,0.0,0.0,1.998652851100344,99.5358754007478,0,0.0
0.4921875,0.5078125,0.7578125,0.7734375,0.7734375,0.7890625,0.0,0.0,0.0,0.0,0.0,0.0,0.0,0.0,0.7421875,0.7734375,0.6328125,0.625,33.33333333333333,74.9814202691026,74.9814202691026,74.9814202691026,0.0,0.0,0.0,2.0024597659260155,99.84701653777216,0.0,0.0,0.0,0.0,0.0,1.939915274587873,99.5358754007478,0,0.0
0.4921875,0.5078125,0.7578125,0.7734375,0.7734375,0.7890625,0.0,0.0,0.0,0.0,0.0,0.0,0.0,0.0,0.7421875,0.7734375,0.6328125,0.625,33.33333333333333,74.91819437257763,74.9814202691026,74.9814202691026,0.0,0.0,0.0,2.0032234326048104,99.84701653777216,0.0,0.0,0.0,0.0,0.0,1.9742840212158284,99.73704101149274,0,0.0
0.4921875,0.5078125,0.7578125,0.7734375,0.7734375,0.7890625,0.0,0.0,0.0,0.0,0.0,0.0,0.0,0.0,0.7421875,0.7734375,0.6328125,0.625,33.33333333333333,74.9814202691026,74.9814202691026,74.9814202691026,0.0,0.0,0.0,2.0340942968358418,99.84701653777216,0.0,0.0,0.0,0.0,0.0,2.010851807304299,99.73704101149274,0,0.0
0.4921875,0.5078125,0.7578125,0.7734375,0.7734375,0.7890625,0.0,0.0,0.0,0.0,0.0,0.0,0.0,0.0,0.7421875,0.7734375,0.6328125,0.625,33.33333333333333,74.9814202691026,74.9814202691026,74.91819437257763,0.0,0.0,0.0,1.964853913741949,99.84701653777216,0.0,0.0,0.0,0.0,0.0,1.971298664680652,99.73704101149274,0,0.0
0.4921875,0.5078125,0.7578125,0.7734375,0.7734375,0.7890625,0.0,0.0,0.0,0.0,0.0,0.0,0.0,0.0,0.7421875,0.7734375,0.6328125,0.625,33.33333333333333,74.9814202691026,74.9814202691026,74.9814202691026,0.0,0.0,0.0,2.0340942968358418,99.84701653777216,0.0,0.0,0.0,0.0,0.0,2.010851807304299,99.73704101149274,0,0.0
0.4921875,0.5078125,0.7578125,0.7734375,0.7734375,0.7890625,0.0,0.0,0.0,0.0,0.0,0.0,0.0,0.0,0.7421875,0.7734375,0.6328125,0.625,33.33333333333333,74.9814202691026,74.9814202691026,74.9814202691026,0.0,0.0,0.0,2.0340942968358418,99.84701653777216,0.0,0.0,0.0,0.0,0.0,1.939915274587873,99.73704101149274,0,0.0
0.4921875,0.5078125,0.7578125,0.7734375,0.7734375,0.7890625,0.0,0.0,0.0,0.0,0.0,0.0,0.0,0.0,0.7421875,0.7734375,0.6328125,0.625,33.33333333333333,74.9814202691026,74.9814202691026,74.91819437257763,0.0,0.0,0.0,1.9973304463239088,99.84701653777216,0.0,0.0,0.0,0.0,0.0,1.9877676641140676,99.73704101149274,0,0.0
0.4921875,0.5078125,0.7578125,0.7734375,0.7734375,0.7890625,0.0,0.0,0.0,0.0,0.0,0.0,0.0,0.0,0.7421875,0.7734375,0.6328125,0.625,33.33333333333333,74.9814202691026,74.9814202691026,74.9814202691026,0.0,0.0,0.0,1.9973304463239088,99.84701653777216,0.0,0.0,0.0,0.0,0.0,1.9742840212158284,99.73704101149274,0,0.0
0.4921875,0.5078125,0.7578125,0.7734375,0.7734375,0.7890625,0.0,0.0,0.0,0.0,0.0,0.0,0.0,0.0,0.7421875,0.7734375,0.6328125,0.625,33.33333333333333,74.9814202691026,74.9814202691026,74.9814202691026,0.0,0.0,0.0,2.0032234326048104,99.84701653777216,0.0,0.0,0.0,0.0,0.0,1.9786411420031744,99.9755739582955,0,0.0
0.4921875,0.5078125,0.7578125,0.7734375,0.7734375,0.7890625,0.0,0.0,0.0,0.0,0.0,0.0,0.0,0.0,0.7421875,0.7734375,0.6328125,0.625,33.33333333333333,74.9814202691026,74.91819437257763,74.91907343069556,0.0,0.0,0.0,2.0032234326048104,99.84701653777216,0.0,0.0,0.0,0.0,0.0,1.9911718465292456,99.9755739582955,0,0.0
0.4921875,0.5078125,0.7578125,0.7734375,0.7734375,0.7890625,0.0,0.0,0.0,0.0,0.0,0.0,0.0,0.0,0.7421875,0.7734375,0.6328125,0.625,33.33333333333333,74.9814202691026,74.9814202691026,74.9814202691026,0.0,0.0,0.0,2.0032234326048104,99.79182414400546,0.0,0.0,0.0,0.0,0.0,1.9786411420031744,99.73704101149274,0,0.0
0.4921875,0.5078125,0.7578125,0.7734375,0.7734375,0.7890625,0.0,0.0,0.0,0.0,0.0,0.0,0.0,0.0,0.7421875,0.7734375,0.6328125,0.625,33.33333333333333,74.91819437257763,74.9814202691026,74.9814202691026,0.0,0.0,0.0,2.0340942968358418,99.79182414400546,0.0,0.0,0.0,0.0,0.0,1.9786411420031744,99.9755739582955,0,0.0
0.4921875,0.5078125,0.7578125,0.7734375,0.7734375,0.7890625,0.0,0.0,0.0,0.0,0.0,0.0,0.0,0.0,0.7421875,0.7734375,0.6328125,0.625,33.33333333333333,74.9814202691026,74.91907343069556,74.9814202691026,0.0,0.0,0.0,2.0032234326048104,99.79182414400546,0.0,0.0,0.0,0.0,0.0,1.9742840212158284,99.73704101149274,0,0.0
0.4921875,0.5078125,0.7578125,0.7734375,0.7734375,0.7890625,0.0,0.0,0.0,0.0,0.0,0.0,0.0,0.0,0.7421875,0.7734375,0.6328125,0.625,33.33333333333333,74.9814202691026,74.9814202691026,74.9814202691026,0.0,0.0,0.0,2.0032234326048104,99.79182414400546,0.0,0.0,0.0,0.0,0.0,1.9672797874679568,99.73704101149274,0,0.0
0.5078125,0.5,0.7578125,0.7734375,0.7734375,0.7890625,0.0,0.0,0.0,0.0,0.0,0.0,0.0,0.0,0.7421875,0.7734375,0.6328125,0.625,33.33333333333333,74.9814202691026,74.9814202691026,74.9814202691026,0.0,0.0,0.0,1.964853913741949,99.79182414400546,0.0,0.0,0.0,0.0,0.0,1.9742840212158284,99.73704101149274,0,0.0
0.5078125,0.5,0.7578125,0.7734375,0.7734375,0.7890625,0.0,0.0,0.0,0.0,0.0,0.0,0.0,0.0,0.7421875,0.7734375,0.6328125,0.625,33.33333333333333,74.9814202691026,74.9814202691026,74.9814202691026,0.0,0.0,0.0,1.9973304463239088,99.79182414400546,0.0,0.0,0.0,0.0,0.0,1.9742840212158284,99.73704101149274,0,0.0
0.5078125,0.5,0.7578125,0.7734375,0.7734375,0.7890625,0.0,0.0,0.0,0.0,0.0,0.0,0.0,0.0,0.7421875,0.7734375,0.6328125,0.625,33.33333333333333,74.9814202691026,74.91819437257763,74.9814202691026,0.0,0.0,0.0,2.0024597659260155,99.79182414400546,0.0,0.0,0.0,0.0,0.0,2.010851807304299,99.73704101149274,0,0.0
0.5078125,0.5,0.7578125,0.7734375,0.7734375,0.7890625,0.0,0.0,0.0,0.0,0.0,0.0,0.0,0.0,0.7421875,0.7734375,0.6328125,0.625,33.33333333333333,74.9814202691026,74.9814202691026,74.9814202691026,0.0,0.0,0.0,1.9750103483044696,99.73483252093692,0.0,0.0,0.0,0.0,0.0,1.971298664680652,99.73704101149274,0,0.0
0.5078125,0.5,0.7578125,0.7734375,0.7734375,0.7890625,0.0,0.0,0.0,0.0,0.0,0.0,0.0,0.0,0.7421875,0.7734375,0.6328125,0.625,33.33333333333333,74.9814202691026,74.9814202691026,74.9814202691026,0.0,0.0,0.0,2.0032234326048104,99.79182414400546,0.0,0.0,0.0,0.0,0.0,1.9742840212158284,99.73704101149274,0,0.0
0.5078125,0.5,0.7578125,0.7734375,0.7734375,0.7890625,0.0,0.0,0.0,0.0,0.0,0.0,0.0,0.0,0.7421875,0.7734375,0.6328125,0.625,33.33333333333333,74.91819437257763,74.91907343069556,74.9814202691026,0.0,0.0,0.0,2.0032234326048104,99.79182414400546,0.0,0.0,0.0,0.0,0.0,1.9911718465292456,99.73704101149274,0,0.0
0.5078125,0.5,0.7578125,0.7734375,0.7734375,0.7890625,0.0,0.0,0.0,0.0,0.0,0.0,0.0,0.0,0.7421875,0.7734375,0.6328125,0.625,33.33333333333333,75.03984557370848,75.03984557370848,75.03984557370848,0.0,0.0,0.0,1.9829060787924235,99.79182414400546,0.0,0.0,0.0,0.0,0.0,2.00467100999048,99.73704101149274,0,0.0
0.5078125,0.5,0.7578125,0.7734375,0.7734375,0.7890625,0.0,0.0,0.0,0.0,0.0,0.0,0.0,0.0,0.7421875,0.7734375,0.6328125,0.625,33.33333333333333,75.03984557370848,75.03984557370848,75.03984557370848,0.0,0.0,0.0,1.9965362292310116,99.79182414400546,0.0,0.0,0.0,0.0,0.0,1.9732694640614648,99.6495996628366,0,0.0
0.5078125,0.5,0.7578125,0.7734375,0.7734375,0.7890625,0.0,0.0,0.0,0.0,0.0,0.0,0.0,0.0,0.7421875,0.7734375,0.6328125,0.625,33.33333333333333,75.03984557370848,75.03984557370848,74.91621766097725,0.0,0.0,0.0,1.9882450538870784,99.77751929778488,0.0,0.0,0.0,0.0,0.0,2.024605838546229,99.6495996628366,0,0.0
0.5078125,0.5,0.7578125,0.7734375,0.7734375,0.7890625,0.0,0.0,0.0,0.0,0.0,0.0,0.0,0.0,0.7421875,0.7734375,0.6328125,0.625,33.33333333333333,74.91621766097725,75.03984557370848,75.03984557370848,0.0,0.0,0.0,1.9941218244736592,99.77751929778488,0.0,0.0,0.0,0.0,0.0,1.9841255554312365,99.6495996628366,0,0.0
0.5078125,0.5,0.7578125,0.7734375,0.7734375,0.7890625,0.0,0.0,0.0,0.0,0.0,0.0,0.0,0.0,0.7421875,0.7734375,0.6328125,0.625,33.33333333333333,75.03984557370848,75.03984557370848,75.03984557370848,0.0,0.0,0.0,1.996132656497961,99.77751929778488,0.0,0.0,0.0,0.0,0.0,1.9841255554312365,99.6495996628366,0,0.0
0.5078125,0.5,0.7578125,0.7734375,0.7734375,0.7890625,0.0,0.0,0.0,0.0,0.0,0.0,0.0,0.0,0.7421875,0.7734375,0.6328125,0.625,33.33333333333333,75.03984557370848,74.94768437397518,74.91621766097725,0.0,0.0,0.0,1.996132656497961,99.6970941269239,0.0,0.0,0.0,0.0,0.0,1.9841255554312365,99.6495996628366,0,0.0
0.5078125,0.5,0.7578125,0.7734375,0.7734375,0.7890625,0.0,0.0,0.0,0.0,0.0,0.0,0.0,0.0,0.7421875,0.7734375,0.6328125,0.625,33.33333333333333,74.91621766097725,75.03984557370848,75.03984557370848,0.0,0.0,0.0,1.9829060787924235,99.6970941269239,0.0,0.0,0.0,0.0,0.0,2.00467100999048,99.6495996628366,0,0.0
0.5078125,0.5,0.7578125,0.7734375,0.7734375,0.7890625,0.0,0.0,0.0,0.0,0.0,0.0,0.0,0.0,0.7421875,0.7734375,0.6328125,0.625,33.33333333333333,75.03984557370848,75.03984557370848,75.03984557370848,0.0,0.0,0.0,1.9965362292310116,99.6970941269239,0.0,0.0,0.0,0.0,0.0,1.9841255554312365,99.6495996628366,0,0.0
0.5078125,0.5,0.7578125,0.7734375,0.7734375,0.7890625,0.0,0.0,0.0,0.0,0.0,0.0,0.0,0.0,0.7421875,0.7734375,0.6328125,0.625,33.33333333333333,75.03984557370848,74.94768437397518,75.03984557370848,0.0,0.0,0.0,1.9882450538870784,99.77751929778488,0.0,0.0,0.0,0.0,0.0,1.9841255554312365,99.6495996628366,0,0.0
0.5078125,0.5,0.7578125,0.7734375,0.7734375,0.7890625,0.0,0.0,0.0,0.0,0.0,0.0,0.0,0.0,0.7421875,0.7734375,0.6328125,0.625,33.33333333333333,74.91621766097725,75.03984557370848,75.03984557370848,0.0,0.0,0.0,1.9882450538870784,99.77751929778488,0.0,0.0,0.0,0.0,0.0,1.9841255554312365,99.6495996628366,0,0.0
0.5078125,0.5,0.7578125,0.7734375,0.7734375,0.7890625,0.0,0.0,0.0,0.0,0.0,0.0,0.0,0.0,0.7421875,0.7734375,0.6328125,0.625,33.33333333333333,75.03984557370848,75.03984557370848,75.03984557370848,0.0,0.0,0.0,1.9941218244736592,99.77751929778488,0.0,0.0,0.0,0.0,0.0,1.9913806093564852,99.6495996628366,0,0.0
0.5078125,0.5,0.7578125,0.7734375,0.7734375,0.7890625,0.0,0.0,0.0,0.0,0.0,0.0,0.0,0.0,0.7421875,0.7734375,0.6328125,0.625,33.33333333333333,75.03984557370848,74.94768437397518,74.91621766097725,0.0,0.0,0.0,1.996132656497961,99.6970941269239,0.0,0.0,0.0,0.0,0.0,2.024605838546229,99.6495996628366,0,0.0
0.5078125,0.5,0.7578125,0.7734375,0.7734375,0.7890625,0.0,0.0,0.0,0.0,0.0,0.0,0.0,0.0,0.7421875,0.7734375,0.6328125,0.625,33.33333333333333,74.94768437397518,75.03984557370848,75.03984557370848,0.0,0.0,0.0,1.9882450538870784,99.88424881936533,0.0,0.0,0.0,0.0,0.0,2.00467100999048,99.6495996628366,0,0.0
0.5078125,0.5,0.7578125,0.7734375,0.7734375,0.7890625,0.0,0.0,0.0,0.0,0.0,0.0,0.0,0.0,0.7421875,0.7734375,0.6328125,0.625,33.33333333333333,75.03984557370848,75.03984557370848,75.03984557370848,0.0,0.0,0.0,1.996132656497961,99.55954371034372,0.0,0.0,0.0,0.0,0.0,1.9913806093564852,99.6495996628366,0,0.0
0.5078125,0.5,0.7578125,0.7734375,0.7734375,0.7890625,0.0,0.0,0.0,0.0,0.0,0.0,0.0,0.0,0.7421875,0.7734375,0.6328125,0.625,33.33333333333333,75.03984557370848,74.94768437397518,75.03984557370848,0.0,0.0,0.0,1.996132656497961,99.55954371034372,0.0,0.0,0.0,0.0,0.0,2.024605838546229,99.6495996628366,0,0.0
0.5078125,0.5,0.7578125,0.7734375,0.7734375,0.7890625,0.0,0.0,0.0,0.0,0.0,0.0,0.0,0.0,0.7421875,0.7734375,0.6328125,0.625,33.33333333333333,74.94768437397518,75.03984557370848,75.03984557370848,0.0,0.0,0.0,2.030403045678558,99.8998849781002,0.0,0.0,0.0,0.0,0.0,1.9976010959770285,99.6495996628366,0,0.0
0.5078125,0.5,0.7578125,0.7734375,0.7734375,0.7890625,0.0,0.0,0.0,0.0,0.0,0.0,0.0,0.0,0.7421875,0.7734375,0.6328125,0.625,33.33333333333333,75.03984557370848,75.03984557370848,75.03984557370848,0.0,0.0,0.0,1.996132656497961,99.55954371034372,0.0,0.0,0.0,0.0,0.0,2.024605838546229,99.6495996628366,0,0.0
0.5078125,0.5,0.7578125,0.7734375,0.7734375,0.7890625,0.0,0.0,0.0,0.0,0.0,0.0,0.0,0.0,0.7421875,0.7734375,0.6328125,0.625,33.33333333333333,74.91621766097725,74.94768437397518,75.03984557370848,0.0,0.0,0.0,1.9882450538870784,99.77751929778488,0.0,0.0,0.0,0.0,0.0,1.9841255554312365,99.6495996628366,0,0.0
0.5078125,0.5,0.7578125,0.7734375,0.7734375,0.7890625,0.0,0.0,0.0,0.0,0.0,0.0,0.0,0.0,0.7421875,0.7734375,0.6328125,0.625,33.33333333333333,75.03984557370848,75.03984557370848,75.03984557370848,0.0,0.0,0.0,1.9882450538870784,99.77751929778488,0.0,0.0,0.0,0.0,0.0,1.9913806093564852,99.6495996628366,0,0.0
0.5078125,0.5,0.7578125,0.7734375,0.7734375,0.7890625,0.0,0.0,0.0,0.0,0.0,0.0,0.0,0.0,0.7421875,0.7734375,0.6328125,0.625,33.33333333333333,75.03984557370848,75.03984557370848,75.03984557370848,0.0,0.0,0.0,1.9883222340383409,99.7556023245753,0.0,0.0,0.0,0.0,0.0,1.9690143679718,99.70654694913418,0,0.0
0.5078125,0.5,0.7578125,0.7734375,0.7734375,0.7890625,0.0,0.0,0.0,0.0,0.0,0.0,0.0,0.0,0.7421875,0.7734375,0.6328125,0.625,33.33333333333333,75.02750446555704,75.09433796939125,74.973702181053,-1.9954101908374733,2.4944423818734407,-0.2305092133159438,2.0200121326372664,99.7556023245753,0.0,-0.6211583280356715,0.0,0.0,0.0,1.9588246497419408,99.70654694913418,0,0.0
0.5078125,0.5,0.7578125,0.7734375,0.7734375,0.7890625,0.0,0.0,0.0,0.0,0.0,0.0,0.0,0.0,0.7421875,0.7734375,0.6328125,0.625,33.33333333333333,74.973702181053,74.973702181053,74.973702181053,-4.717026966386948,6.278144980696869,-2.827721970325422,2.000423713299947,99.7556023245753,0.0,2.5277821993522283,0.0,0.0,0.0,2.03784645161208,99.70654694913418,0,0.0
0.5078125,0.5,0.7578125,0.7734375,0.7734375,0.7890625,0.0,0.0,0.0,0.0,0.0,0.0,0.0,0.0,0.7421875,0.7734375,0.6328125,0.625,33.33333333333333,74.973702181053,74.973702181053,74.973702181053,-4.06023326796241,6.210757337868063,-4.016755306441897,2.000423713299947,99.7556023245753,0.0,4.557805915550224,0.0,0.0,0.0,1.9588246497419408,99.70654694913418,0,0.0
0.5078125,0.5,0.7578125,0.7734375,0.7734375,0.7890625,0.0,0.0,0.0,0.0,0.0,0.0,0.0,0.0,0.7421875,0.7734375,0.6328125,0.625,33.33333333333333,74.973702181053,74.973702181053,74.973702181053,-2.8934591937266605,5.106306358005633,-4.913409725016316,2.000423713299947,99.7556023245753,0.0,6.213462991483941,0.0,0.0,0.0,2.03784645161208,99.76593161241054,0,0.0
0.5078125,0.5,0.7578125,0.7734375,0.7734375,0.7890625,0.0,0.0,0.0,0.0,0.0,0.0,0.0,0.0,0.7421875,0.7734375,0.6328125,0.625,33.33333333333333,74.973702181053,75.02750446555704,75.02750446555704,-1.6634758085996844,3.3986517439855906,-5.502932072953215,2.000423713299947,99.7556023245753,0.0,7.1757107097409625,0.0,0.0,0.0,1.9588246497419408,99.88949383133658,0,0.0
0.5078125,0.5,0.7578125,0.7734375,0.7734375,0.7890625,0.0,0.0,0.0,0.0,0.0,0.0,0.0,0.0,0.7421875,0.7734375,0.6328125,0.625,33.33333333333333,74.973702181053,74.973702181053,74.973702181053,-0.3115182122478447,1.183202031386433,-4.297214953124344,1.9930364159859053,99.7556023245753,0.0,5.472941766474075,0.0,0.0,0.0,2.029743561977353,99.77575899608205,0,0.0
0.5078125,0.5,0.7578125,0.7734375,0.7734375,0.7890625,0.0,0.0,0.0,0.0,0.0,0.0,0.0,0.0,0.7421875,0.7734375,0.6328125,0.625,33.33333333333333,74.973702181053,74.973702181053,74.973702181053,1.964767510398255,-2.6538772457254103,-1.8212466241494032,1.973523812012005,99.7556023245753,89.7556023245753,2.210075389350241,0.0,0.0,0.0,1.9567608623402173,99.77575899608205,0,0.0
0.5078125,0.5,0.7578125,0.7734375,0.7734375,0.7890625,0.0,0.0,0.0,0.0,0.0,0.0,0.0,0.0,0.7421875,0.7734375,0.6328125,0.625,33.33333333333333,74.973702181053,74.973702181053,74.973702181053,3.4674120842549274,-4.6977414020361214,-2.979680674288168,2.025297019841404,99.7556023245753,89.7556023245753,3.63054788737873,0.0,0.0,0.0,1.975781568881712,99.77575899608205,0,0.0
0.5078125,0.5,0.7578125,0.7734375,0.7734375,0.7890625,0.0,0.0,0.0,0.0,0.0,0.0,0.0,0.0,0.7421875,0.7734375,0.6328125,0.625,33.33333333333333,74.973702181053,75.02750446555704,74.973702181053,0.0,0.0,0.0,1.9923288822221696,99.7556023245753,89.7556023245753,0.0,0.0,0.0,0.0,2.006114812475358,99.97655005124008,0,0.0
0.5078125,0.5,0.7578125,0.7734375,0.7734375,0.7890625,0.0,0.0,0.0,0.0,0.0,0.0,0.0,0.0,0.7421875,0.7734375,0.6328125,0.625,33.33333333333333,74.973702181053,74.973702181053,74.973702181053,0.0,0.0,0.0,2.025297019841404,99.9726966238312,89.7556023245753,0.0,0.0,0.0,0.0,2.006114812475358,99.97655005124008,0,0.0
0.5078125,0.5,0.7578125,0.7734375,0.7734375,0.7890625,0.0,0.0,0.0,0.0,0.0,0.0,0.0,0.0,0.7421875,0.7734375,0.6328125,0.625,33.33333333333333,74.973702181053,74.973702181053,74.973702181053,0.0,0.0,0.0,1.9930364159859053,99.98145409846268,89.5115387085919,0.0,0.0,0.0,0.0,2.005340010651979,99.76593161241054,0,0.0
0.5078125,0.5,0.7578125,0.7734375,0.7734375,0.7890625,0.0,0.0,0.0,0.0,0.0,0.0,0.0,0.0,0.7421875,0.7734375,0.6328125,0.625,33.33333333333333,74.973702181053,74.973702181053,74.973702181053,-1.4598666759223553,1.3772641679226725,1.2037778213419268,1.9930364159859053,99.98145409846268,89.5115387085919,-1.4056918685325437,0.0,0.0,0.0,2.03784645161208,99.76593161241054,0,0.0
0.5078125,0.5,0.7578125,0.7734375,0.7734375,0.7890625,0.0,0.0,0.0,0.0,0.0,0.0,0.0,0.0,0.7421875,0.7734375,0.6328125,0.625,33.33333333333333,74.973702181053,75.09433796939125,74.973702181053,-4.2129182497296656,4.672115328905833,3.2337273365912966,2.0161219938844317,99.78748645883876,89.74944380012374,-3.694218723919233,0.0,0.0,0.0,2.032317530213928,99.9446990988738,0,0.0
0.5078125,0.5,0.7578125,0.7734375,0.7734375,0.7890625,0.0,0.0,0.0,0.0,0.0,0.0,0.0,0.0,0.7421875,0.7734375,0.6328125,0.625,33.33333333333333,74.973702181053,74.973702181053,74.973702181053,-0.5289129812634183,0.3246418706448447,2.2853788284985206,2.000423713299947,99.78748645883876,89.74944380012374,-2.728755166807852,0.0,0.0,0.0,2.0246970764424197,99.67857072258984,0,0.0
0.5078125,0.5,0.7578125,0.7734375,0.7734375,0.7890625,0.0,0.0,0.0,0.0,0.0,0.0,0.0,0.0,0.7421875,0.7734375,0.6328125,0.625,33.33333333333333,75.09433796939125,74.973702181053,74.973702181053,1.2749189823007492,-2.173162308595014,5.3965762820295975,2.000423713299947,99.78748645883876,89.74944380012374,-6.850335337824007,0.0,0.0,0.0,2.03784645161208,99.67857072258984,0,0.0
0.5078125,0.515625,0.7578125,0.7734375,0.7734375,0.7890625,0.0,0.0,0.0,0.0,0.0,0.0,0.0,0.0,0.7421875,0.7734375,0.6328125,0.625,33.33333333333333,74.973702181053,74.973702181053,74.973702181053,2.546865399200792,-4.050000864117839,5.104832360901701,2.0200121326372664,99.78748645883876,89.74944380012374,-6.706104560571735,0.0,0.0,0.0,2.0246970764424197,99.67857072258984,0,0.0
0.5078125,0.515625,0.7578125,0.7734375,0.7734375,0.7890625,0.0,0.0,0.0,0.0,0.0,0.0,0.0,0.0,0.7421875,0.7734375,0.6328125,0.625,33.33333333333333,74.973702181053,75.02750446555704,74.973702181053,3.725765290066237,-5.557909068672149,4.277555151787968,2.003039909559307,99.9527339983718,89.74944380012374,-5.559243538689112,0.0,0.0,0.0,2.029743561977353,99.77575899608205,0,0.0
0.5078125,0.515625,0.7578125,0.7734375,0.7734375,0.7890625,0.0,0.0,0.0,0.0,0.0,0.0,0.0,0.0,0.7421875,0.7734375,0.6328125,0.625,33.33333333333333,74.973702181053,74.973702181053,74.973702181053,4.697040386637637,-6.412202816148433,3.206539148895415,2.000423713299947,99.9527339983718,89.74944380012374,-3.81961288763239,0.0,0.0,0.0,1.9673957479867457,99.77575899608205,0,0.0
0.5078125,0.515625,0.7578125,0.7734375,0.7734375,0.7890625,0.0,0.0,0.0,0.0,0.0,0.0,0.0,0.0,0.7421875,0.7734375,0.6328125,0.625,33.33333333333333,74.973702181053,74.973702181053,74.973702181053,3.674641410863213,-4.691044647456826,1.8426730416508268,2.000423713299947,99.9527339983718,89.74944380012374,-1.570671437258669,0.0,0.0,0.0,2.0246970764424197,99.77575899608205,0,0.0
0.5078125,0.515625,0.7578125,0.7734375,0.7734375,0.7890625,0.0,0.0,0.0,0.0,0.0,0.0,0.0,0.0,0.7421875,0.7734375,0.6328125,0.625,33.33333333333333,74.973702181053,74.973702181053,74.973702181053,1.1035652509658027,-1.2847978308817682,-1.0772020242688518,1.9930364159859053,99.98145409846268,89.5115387085919,1.603410354445702,0.0,0.0,0.0,2.005340010651979,99.77575899608205,0,0.0
0.5078125,0.515625,0.7578125,0.7734375,0.7734375,0.7890625,0.0,0.0,0.0,0.0,0.0,0.0,0.0,0.0,0.7421875,0.7734375,0.6328125,0.625,33.33333333333333,75.11486711770671,75.11486711770671,75.13796057691069,3.246250182638678,-3.5968596457278137,-4.3513245237689295,1.9938110537737128,99.98145409846268,89.5115387085919,5.331240308534451,0.0,0.0,0.0,1.987778701396808,99.77575899608205,0,0.0
0.5078125,0.515625,0.7578125,0.7734375,0.7734375,0.7890625,0.0,0.0,0.0,0.0,0.0,0.0,0.0,0.0,0.7421875,0.7734375,0.6328125,0.625,33.33333333333333,75.13796057691069,75.13796057691069,75.11486711770671,0.7862958760743143,-0.9283780208651746,-0.8386837423362274,1.9815777037066369,99.98145409846268,89.5115387085919,1.343580581605589,0.0,0.0,0.0,2.004367782440245,99.77575899608205,0,0.0
0.5078125,0.515625,0.7578125,0.7734375,0.7734375,0.7890625,0.0,0.0,0.0,0.0,0.0,0.0,0.0,0.0,0.7421875,0.7734375,0.6328125,0.625,33.33333333333333,75.13796057691069,75.13796057691069,75.13796057691069,0.0,0.0,0.0,1.9893589836105248,99.98145409846268,89.5115387085919,0.0,0.0,0.0,0.0,2.004367782440245,99.77575899608205,0,0.0
0.5078125,0.515625,0.7578125,0.7734375,0.7734375,0.7890625,0.0,0.0,0.0,0.0,0.0,0.0,0.0,0.0,0.7421875,0.7734375,0.6328125,0.625,33.33333333333333,75.03082131756692,75.13796057691069,75.13796057691069,0.0,0.0,0.0,1.9893589836105248,99.98145409846268,0.0,0.0,0.0,0.0,0.0,1.9943944128442903,99.77575899608205,0,0.0
0.5078125,0.515625,0.7578125,0.7734375,0.7734375,0.7890625,0.0,0.0,0.0,0.0,0.0,0.0,0.0,0.0,0.7421875,0.7734375,0.6328125,0.625,33.33333333333333,75.13796057691069,75.13796057691069,75.13796057691069,0.0,0.0,0.0,2.0411406656582263,99.57750985339324,0.0,0.0,0.0,0.0,0.0,1.9582661623732367,99.94906199941988,0,0.0
0.5078125,0.515625,0.7578125,0.7734375,0.7734375,0.7890625,0.0,0.0,0.0,0.0,0.0,0.0,0.0,0.0,0.7421875,0.7734375,0.6328125,0.625,33.33333333333333,75.13796057691069,75.13796057691069,75.13796057691069,-1.503619103445534,1.639431341439597,1.8722185214402736,1.9423709764388972,99.57750985339324,0.0,-2.0629690173467643,0.0,0.0,0.0,1.999220297929533,99.70954724098932,0,0.0
0.5078125,0.515625,0.7578125,0.7734375,0.7734375,0.7890625,0.0,0.0,0.0,0.0,0.0,0.0,0.0,0.0,0.7421875,0.7734375,0.6328125,0.625,33.33333333333333,75.13796057691069,75.13796057691069,75.13796057691069,-3.1428997524940256,3.3611926024093592,4.437468250362313,2.0093722030579952,99.57750985339324,0.0,-5.044051907969789,0.0,0.0,0.0,1.9945317862889207,99.70954724098932,0,0.0
0.5078125,0.515625,0.7578125,0.7734375,0.7734375,0.7890625,0.0,0.0,0.0,0.0,0.0,0.0,0.0,0.0,0.7421875,0.7734375,0.6328125,0.625,33.33333333333333,75.11486711770671,75.11486711770671,75.13796057691069,0.0,0.0,0.0,2.0084126901409194,99.840118075725,0.0,0.0,0.0,0.0,0.0,2.0498476266387,99.69903643010797,0,0.0
0.5078125,0.515625,0.7578125,0.7734375,0.7734375,0.7890625,0.0,0.0,0.0,0.0,0.0,0.0,0.0,0.0,0.7421875,0.7734375,0.6328125,0.625,33.33333333333333,75.13796057691069,75.13796057691069,75.13796057691069,0.0,0.0,0.0,2.0084126901409194,99.840118075725,0.0,0.0,0.0,0.0,0.0,1.989301679372294,99.61240706468271,0,0.0
0.5078125,0.515625,0.7578125,0.7734375,0.7734375,0.7890625,0.0,0.0,0.0,0.0,0.0,0.0,0.0,0.0,0.7421875,0.7734375,0.6328125,0.625,33.33333333333333,75.13796057691069,75.13796057691069,75.13796057691069,0.0,0.0,0.0,2.0084126901409194,99.840118075725,0.0,0.0,0.0,0.0,0.0,1.9960089149160785,99.61240706468271,0,0.0
0.5078125,0.515625,0.7578125,0.7734375,0.7734375,0.7890625,0.0,0.0,0.0,0.0,0.0,0.0,0.0,0.0,0.7421875,0.7734375,0.6328125,0.625,33.33333333333333,75.11486711770671,75.11486711770671,75.13796057691069,0.0,0.0,0.0,2.0084126901409194,99.840118075725,0.0,0.0,0.0,0.0,0.0,1.9966465196725631,99.61240706468271,0,0.0
0.5078125,0.515625,0.7578125,0.7734375,0.7734375,0.7890625,0.0,0.0,0.0,0.0,0.0,0.0,0.0,0.0,0.7421875,0.7734375,0.6328125,0.625,33.33333333333333,75.13796057691069,75.13796057691069,75.13796057691069,0.0,0.0,0.0,2.017678339920128,99.840118075725,0.0,0.0,0.0,0.0,0.0,1.9967056020355172,99.61240706468271,0,0.0
0.5078125,0.515625,0.7578125,0.7734375,0.7734375,0.7890625,0.0,0.0,0.0,0.0,0.0,0.0,0.0,0.0,0.7421875,0.7734375,0.6328125,0.625,33.33333333333333,75.13796057691069,75.13796057691069,75.11486711770671,0.0,0.0,0.0,1.9960635018703865,99.73947816233095,0.0,0.0,0.0,0.0,0.0,2.0156957972165253,99.61240706468271,0,0.0
0.5078125,0.515625,0.7578125,0.7734375,0.7734375,0.7890625,0.0,0.0,0.0,0.0,0.0,0.0,0.0,0.0,0.7421875,0.7734375,0.6328125,0.625,33.33333333333333,75.11486711770671,75.03082131756692,75.13796057691069,0.0,0.0,0.0,2.012549476910007,99.73947816233095,0.0,0.0,0.0,0.0,0.0,1.9966465196725631,99.61240706468271,0,0.0
0.5078125,0.515625,0.7578125,0.7734375,0.7734375,0.7890625,0.0,0.0,0.0,0.0,0.0,0.0,0.0,0.0,0.7421875,0.7734375,0.6328125,0.625,33.33333333333333,75.13796057691069,75.13796057691069,75.03082131756692,0.0,0.0,0.0,2.0084126901409194,99.840118075725,0.0,0.0,0.0,0.0,0.0,1.9960089149160785,99.61240706468271,0,0.0
0.5078125,0.515625,0.7578125,0.7734375,0.7734375,0.7890625,0.0,0.0,0.0,0.0,0.0,0.0,0.0,0.0,0.7421875,0.7734375,0.6328125,0.625,33.33333333333333,75.13796057691069,75.13796057691069,75.13796057691069,0.0,0.0,0.0,1.9631741213066465,99.840118075725,0.0,0.0,0.0,0.0,0.0,1.996204659799944,99.8813541465247,0,0.0
0.5078125,0.515625,0.7578125,0.7734375,0.7734375,0.7890625,0.0,0.0,0.0,0.0,0.0,0.0,0.0,0.0,0.7421875,0.7734375,0.6328125,0.625,33.33333333333333,75.13796057691069,75.13796057691069,75.13796057691069,0.0,0.0,0.0,2.012549476910007,99.840118075725,0.0,0.0,0.0,0.0,0.0,1.9960089149160785,99.8813541465247,0,0.0
0.5078125,0.515625,0.7578125,0.7734375,0.7734375,0.7890625,0.0,0.0,0.0,0.0,0.0,0.0,0.0,0.0,0.7421875,0.7734375,0.6328125,0.625,33.33333333333333,75.13796057691069,75.13796057691069,75.13796057691069,0.0,0.0,0.0,2.014208459558124,99.840118075725,0.0,0.0,0.0,0.0,0.0,1.9966465196725631,99.8813541465247,0,0.0
0.5078125,0.515625,0.7578125,0.7734375,0.7734375,0.7890625,0.0,0.0,0.0,0.0,0.0,0.0,0.0,0.0,0.7421875,0.7734375,0.6328125,0.625,33.33333333333333,75.13796057691069,75.13796057691069,75.13796057691069,0.0,0.0,0.0,2.0084126901409194,99.840118075725,0.0,0.0,0.0,0.0,0.0,1.9960089149160785,99.8813541465247,0,0.0
0.5078125,0.515625,0.7578125,0.7734375,0.7734375,0.7890625,0.0,0.0,0.0,0.0,0.0,0.0,0.0,0.0,0.7421875,0.7734375,0.6328125,0.625,33.33333333333333,75.13796057691069,75.13796057691069,75.13796057691069,0.0,0.0,0.0,1.9984929372647997,99.840118075725,0.0,0.0,0.0,0.0,0.0,1.9923940133100384,99.8813541465247,0,0.0
0.5078125,0.515625,0.7578125,0.7734375,0.7734375,0.7890625,0.0,0.0,0.0,0.0,0.0,0.0,0.0,0.0,0.7421875,0.7734375,0.6328125,0.625,33.33333333333333,74.89981777614274,74.89981777614274,74.89981777614274,0.0,0.0,0.0,1.966498654485416,99.5251312083155,0.0,0.0,0.0,0.0,0.0,2.013142504018407,99.8813541465247,0,0.0
0.5078125,0.515625,0.7578125,0.7734375,0.7734375,0.7890625,0.0,0.0,0.0,0.0,0.0,0.0,0.0,0.0,0.7421875,0.7734375,0.6328125,0.625,33.33333333333333,74.89981777614274,74.89981777614274,74.91626762196643,0.0,0.0,0.0,1.966498654485416,99.5251312083155,0.0,0.0,0.0,0.0,0.0,2.013142504018407,99.8813541465247,0,0.0
0.5078125,0.515625,0.7578125,0.7734375,0.7734375,0.7890625,0.0,0.0,0.0,0.0,0.0,0.0,0.0,0.0,0.7421875,0.7734375,0.6328125,0.625,33.33333333333333,74.89981777614274,74.89981777614274,74.89981777614274,0.0,0.0,0.0,2.001838925333932,99.5251312083155,0.0,0.0,0.0,0.0,0.0,1.995614477873714,99.8813541465247,0,0.0
0.5078125,0.515625,0.7578125,0.7734375,0.7734375,0.7890625,0.0,0.0,0.0,0.0,0.0,0.0,0.0,0.0,0.7421875,0.7734375,0.6328125,0.625,33.33333333333333,74.89981777614274,74.89981777614274,74.89963329715125,0.0,0.0,0.0,1.966498654485416,99.5251312083155,0.0,0.0,0.0,0.0,0.0,2.013142504018407,99.8813541465247,0,0.0
0.5078125,0.515625,0.7578125,0.7734375,0.7734375,0.7890625,0.0,0.0,0.0,0.0,0.0,0.0,0.0,0.0,0.7421875,0.7734375,0.6328125,0.625,33.33333333333333,74.89981777614274,74.89981777614274,74.89981777614274,0.0,0.0,0.0,1.966498654485416,99.5251312083155,0.0,0.0,0.0,0.0,0.0,2.013142504018407,99.8813541465247,0,0.0
0.5078125,0.515625,0.7578125,0.7734375,0.7734375,0.7890625,0.0,0.0,0.0,0.0,0.0,0.0,0.0,0.0,0.7421875,0.7734375,0.6328125,0.625,33.33333333333333,74.89963329715125,74.89981777614274,74.89981777614274,0.0,0.0,0.0,2.000365962882756,99.5251312083155,0.0,0.0,0.0,0.0,0.0,2.013142504018407,99.8813541465247,0,0.0
0.5078125,0.515625,0.7578125,0.7734375,0.7734375,0.7890625,0.0,0.0,0.0,0.0,0.0,0.0,0.0,0.0,0.7421875,0.7734375,0.6328125,0.625,33.33333333333333,74.89981777614274,74.89981777614274,74.89981777614274,0.0,0.0,0.0,1.966498654485416,99.5251312083155,0.0,0.0,0.0,0.0,0.0,2.013142504018407,99.8813541465247,0,0.0
0.5078125,0.515625,0.7578125,0.7734375,0.7734375,0.7890625,0.0,0.0,0.0,0.0,0.0,0.0,0.0,0.0,0.7421875,0.7734375,0.6328125,0.625,33.33333333333333,74.89981777614274,74.89981777614274,74.89981777614274,0.0,0.0,0.0,1.966498654485416,99.5251312083155,0.0,0.0,0.0,0.0,0.0,1.968372419910723,99.8813541465247,0,0.0
0.5078125,0.515625,0.7578125,0.7734375,0.7734375,0.7890625,0.0,0.0,0.0,0.0,0.0,0.0,0.0,0.0,0.7421875,0.7734375,0.6328125,0.625,33.33333333333333,74.89963329715125,74.89981777614274,74.89981777614274,0.0,0.0,0.0,1.966498654485416,99.5251312083155,0.0,0.0,0.0,0.0,0.0,1.9950682994126248,99.8813541465247,0,0.0
0.5078125,0.515625,0.7578125,0.7734375,0.7734375,0.7890625,0.0,0.0,0.0,0.0,0.0,0.0,0.0,0.0,0.7421875,0.7734375,0.6328125,0.625,33.33333333333333,74.89981777614274,74.89981777614274,74.89981777614274,0.0,0.0,0.0,1.966498654485416,99.5251312083155,0.0,0.0,0.0,0.0,0.0,1.9883070944053496,99.8813541465247,0,0.0
0.5078125,0.515625,0.7578125,0.7734375,0.7734375,0.7890625,0.0,0.0,0.0,0.0,0.0,0.0,0.0,0.0,0.7421875,0.7734375,0.6328125,0.625,33.33333333333333,74.89981777614274,74.89981777614274,74.89981777614274,0.0,0.0,0.0,2.0095281522544166,99.5251312083155,0.0,0.0,0.0,0.0,0.0,1.9950682994126248,99.8813541465247,0,0.0
0.5078125,0.515625,0.7578125,0.7734375,0.7734375,0.7890625,0.0,0.0,0.0,0.0,0.0,0.0,0.0,0.0,0.7421875,0.7734375,0.6328125,0.625,33.33333333333333,74.89981777614274,74.89981777614274,74.89981777614274,0.0,0.0,0.0,2.0095281522544166,99.5251312083155,0.0,0.0,0.0,0.0,0.0,2.000358726257004,99.7277433219886,0,0.0
0.5078125,0.515625,0.7578125,0.7734375,0.7734375,0.7890625,0.0,0.0,0.0,0.0,0.0,0.0,0.0,0.0,0.7421875,0.7734375,0.6328125,0.625,33.33333333333333,74.89981777614274,74.89981777614274,74.91626762196643,0.0,0.0,0.0,2.0095281522544166,99.5251312083155,0.0,0.0,0.0,0.0,0.0,2.013142504018407,99.7277433219886,0,0.0
0.5078125,0.515625,0.7578125,0.7734375,0.7734375,0.7890625,0.0,0.0,0.0,0.0,0.0,0.0,0.0,0.0,0.7421875,0.7734375,0.6328125,0.625,33.33333333333333,74.89981777614274,74.89981777614274,74.89981777614274,0.0,0.0,0.0,1.966498654485416,99.5251312083155,0.0,0.0,0.0,0.0,0.0,1.9883070944053496,99.7277433219886,0,0.0
0.5078125,0.515625,0.7578125,0.7734375,0.7734375,0.7890625,0.0,0.0,0.0,0.0,0.0,0.0,0.0,0.0,0.7421875,0.7734375,0.6328125,0.625,33.33333333333333,74.89981777614274,74.89981777614274,74.91626762196643,0.0,0.0,0.0,2.0095281522544166,99.5251312083155,0.0,0.0,0.0,0.0,0.0,1.979118585975748,99.97560694785906,0,0.0
0.5078125,0.5,0.7578125,0.7734375,0.7734375,0.7890625,0.0,0.0,0.0,0.0,0.0,0.0,0.0,0.0,0.7421875,0.7734375,0.6328125,0.625,33.33333333333333,74.89981777614274,74.91626762196643,74.89981777614274,0.0,0.0,0.0,1.966498654485416,99.5251312083155,0.0,0.0,0.0,0.0,0.0,2.013142504018407,99.97560694785906,0,0.0
0.5078125,0.5,0.7578125,0.7734375,0.7734375,0.7890625,0.0,0.0,0.0,0.0,0.0,0.0,0.0,0.0,0.7421875,0.7734375,0.6328125,0.625,33.33333333333333,74.89981777614274,74.89981777614274,74.89981777614274,0.0,0.0,0.0,1.966498654485416,99.5251312083155,0.0,0.0,0.0,0.0,0.0,2.013142504018407,99.97560694785906,0,0.0
0.5078125,0.5,0.7578125,0.7734375,0.7734375,0.7890625,0.0,0.0,0.0,0.0,0.0,0.0,0.0,0.0,0.7421875,0.7734375,0.6328125,0.625,33.33333333333333,74.89981777614274,74.89981777614274,74.89981777614274,0.0,0.0,0.0,1.966498654485416,99.5251312083155,0.0,0.0,0.0,0.0,0.0,2.0274461010265425,99.97560694785906,0,0.0
0.5078125,0.5,0.7578125,0.7734375,0.7734375,0.7890625,0.0,0.0,0.0,0.0,0.0,0.0,0.0,0.0,0.7421875,0.7734375,0.6328125,0.625,33.33333333333333,74.89963329715125,74.89981777614274,74.89981777614274,0.0,0.0,0.0,2.0095281522544166,99.5251312083155,0.0,0.0,0.0,0.0,0.0,2.000358726257004,99.7277433219886,0,0.0
0.5078125,0.5,0.7578125,0.7734375,0.7734375,0.7890625,0.0,0.0,0.0,0.0,0.0,0.0,0.0,0.0,0.7421875,0.7734375,0.6328125,0.625,33.33333333333333,74.89981777614274,74.89981777614274,74.89981777614274,0.0,0.0,0.0,1.966498654485416,99.5251312083155,0.0,0.0,0.0,0.0,0.0,1.968372419910723,99.7277433219886,0,0.0
0.5078125,0.5,0.7578125,0.7734375,0.7734375,0.7890625,0.0,0.0,0.0,0.0,0.0,0.0,0.0,0.0,0.7421875,0.7734375,0.6328125,0.625,33.33333333333333,75.04573940836049,75.04573940836049,75.04573940836049,0.0,0.0,0.0,1.9846675427475904,99.5251312083155,0.0,0.0,0.0,0.0,0.0,2.0063199242209984,99.7277433219886,0,0.0
0.5078125,0.5,0.7578125,0.7734375,0.7734375,0.7890625,0.0,0.0,0.0,0.0,0.0,0.0,0.0,0.0,0.7421875,0.7734375,0.6328125,0.625,33.33333333333333,74.97580157157755,74.97580157157755,75.04573940836049,0.0,0.0,0.0,1.998955823423904,99.5251312083155,0.0,0.0,0.0,0.0,0.0,1.9903063158268253,99.55427765150924,0,0.0
0.5078125,0.5,0.7578125,0.7734375,0.7734375,0.7890625,0.0,0.0,0.0,0.0,0.0,0.0,0.0,0.0,0.7421875,0.7734375,0.6328125,0.625,33.33333333333333,75.04573940836049,75.04573940836049,75.04573940836049,0.0,0.0,0.0,1.9846675427475904,99.5251312083155,0.0,0.0,0.0,0.0,0.0,2.0063199242209984,99.55427765150924,0,0.0
0.5078125,0.5,0.7578125,0.7734375,0.7734375,0.7890625,0.0,0.0,0.0,0.0,0.0,0.0,0.0,0.0,0.7421875,0.7734375,0.6328125,0.625,33.33333333333333,75.04573940836049,75.04573940836049,74.99416476994647,0.0,0.0,0.0,2.0180851773031065,99.5251312083155,0.0,0.0,0.0,0.0,0.0,2.0028609761501377,99.546552441574,0,0.0
0.5078125,0.5,0.7578125,0.7734375,0.7734375,0.7890625,0.0,0.0,0.0,0.0,0.0,0.0,0.0,0.0,0.7421875,0.7734375,0.6328125,0.625,33.33333333333333,75.04573940836049,75.04573940836049,75.04573940836049,0.0,0.0,0.0,1.9996143433685536,99.5251312083155,0.0,0.0,0.0,0.0,0.0,2.0028609761501377,99.546552441574,0,0.0
0.5078125,0.5,0.7578125,0.7734375,0.7734375,0.7890625,0.0,0.0,0.0,0.0,0.0,0.0,0.0,0.0,0.7421875,0.7734375,0.6328125,0.625,33.33333333333333,75.04573940836049,75.04573940836049,75.04573940836049,0.0,0.0,0.0,1.9996143433685536,99.5251312083155,0.0,0.0,0.0,0.0,0.0,1.9903063158268253,99.546552441574,0,0.0
0.5078125,0.5,0.7578125,0.7734375,0.7734375,0.7890625,0.0,0.0,0.0,0.0,0.0,0.0,0.0,0.0,0.7421875,0.7734375,0.6328125,0.625,33.33333333333333,75.04573940836049,75.04573940836049,75.04573940836049,0.0,0.0,0.0,1.9885898163785625,99.5251312083155,0.0,0.0,0.0,0.0,0.0,1.9903063158268253,99.546552441574,0,0.0
0.5078125,0.5,0.7578125,0.7734375,0.7734375,0.7890625,0.0,0.0,0.0,0.0,0.0,0.0,0.0,0.0,0.7421875,0.7734375,0.6328125,0.625,33.33333333333333,75.04573940836049,75.04573940836049,75.04573940836049,0.0,0.0,0.0,1.9846675427475904,99.5251312083155,0.0,0.0,0.0,0.0,0.0,1.9855166979519936,99.61349729677194,0,0.0
0.5078125,0.5,0.7578125,0.7734375,0.7734375,0.7890625,0.0,0.0,0.0,0.0,0.0,0.0,0.0,0.0,0.7421875,0.7734375,0.6328125,0.625,33.33333333333333,74.97580157157755,75.04573940836049,74.97580157157755,0.0,0.0,0.0,1.9996143433685536,99.5251312083155,0.0,0.0,0.0,0.0,0.0,1.9903063158268253,99.61349729677194,0,0.0
0.5078125,0.5,0.7578125,0.7734375,0.7734375,0.7890625,0.0,0.0,0.0,0.0,0.0,0.0,0.0,0.0,0.7421875,0.7734375,0.6328125,0.625,33.33333333333333,75.04573940836049,75.04573940836049,75.04573940836049,0.0,0.0,0.0,1.9996143433685536,99.5251312083155,0.0,0.0,0.0,0.0,0.0,2.0028609761501377,99.546552441574,0,0.0
0.5078125,0.5,0.7578125,0.7734375,0.7734375,0.7890625,0.0,0.0,0.0,0.0,0.0,0.0,0.0,0.0,0.7421875,0.7734375,0.6328125,0.625,33.33333333333333,75.04573940836049,75.04573940836049,75.04573940836049,0.0,0.0,0.0,1.9996143433685536,99.5251312083155,0.0,0.0,0.0,0.0,0.0,2.0028609761501377,99.546552441574,0,0.0
0.5078125,0.5,0.7578125,0.7734375,0.7734375,0.7890625,0.0,0.0,0.0,0.0,0.0,0.0,0.0,0.0,0.7421875,0.7734375,0.6328125,0.625,33.33333333333333,74.97580157157755,75.04573940836049,75.04573940836049,0.0,0.0,0.0,1.9846675427475904,99.5251312083155,0.0,0.0,0.0,0.0,0.0,2.0132676967877843,99.546552441574,0,0.0
0.5078125,0.5,0.7578125,0.7421875,0.7734375,0.7890625,0.0,0.0,0.0,0.0,0.0,0.0,0.0,0.0,0.7421875,0.7734375,0.6328125,0.625,33.33333333333333,75.04573940836049,74.97580157157755,75.04573940836049,0.0,0.0,0.0,1.9846675427475904,99.5251312083155,0.0,0.0,0.0,0.0,0.0,2.0063199242209984,99.546552441574,0,0.0
0.5078125,0.5,0.7578125,0.7421875,0.7734375,0.7734375,0.0,0.0,0.0,0.0,0.0,0.0,0.0,0.0,0.7421875,0.7734375,0.6328125,0.625,33.33333333333333,75.04573940836049,74.99416476994647,74.97580157157755,0.0,0.0,0.0,1.9996143433685536,99.5251312083155,0.0,0.0,0.0,0.0,0.0,1.972865734203145,99.546552441574,0,0.0
0.5078125,0.5,0.7578125,0.7421875,0.7734375,0.7734375,0.0,0.0,0.0,0.0,0.0,0.0,0.0,0.0,0.7421875,0.7734375,0.6328125,0.625,33.33333333333333,74.99416476994647,75.04573940836049,74.97580157157755,0.0,0.0,0.0,1.9846675427475904,99.5251312083155,0.0,0.0,0.0,0.0,0.0,2.0063199242209984,99.61349729677194,0,0.0
0.5078125,0.5,0.7578125,0.7421875,0.7734375,0.7734375,0.0,0.0,0.0,0.0,0.0,0.0,0.0,0.0,0.7421875,0.7734375,0.6328125,0.625,33.33333333333333,75.04573940836049,75.04573940836049,75.04573940836049,0.0,0.0,0.0,1.9666844409419697,99.79984394767057,0.0,0.0,0.0,0.0,0.0,1.9875036519639604,99.61349729677194,0,0.0
0.5078125,0.5,0.7578125,0.7421875,0.7734375,0.7734375,0.0,0.0,0.0,0.0,0.0,0.0,0.0,0.0,0.7421875,0.7734375,0.6328125,0.625,33.33333333333333,74.97580157157755,75.04573940836049,75.04573940836049,0.0,0.0,0.0,2.0102178359447618,99.79984394767057,0.0,0.0,0.0,0.0,0.0,2.0063199242209984,99.61349729677194,0,0.0
0.5078125,0.5,0.7578125,0.7421875,0.7734375,0.7734375,0.0,0.0,0.0,0.0,0.0,0.0,0.0,0.0,0.7421875,0.7734375,0.6328125,0.625,33.33333333333333,75.04573940836049,74.97580157157755,74.99416476994647,0.0,0.0,0.0,1.9996143433685536,99.79984394767057,0.0,0.0,0.0,0.0,0.0,2.0028609761501377,99.61349729677194,0,0.0
0.5078125,0.5,0.7578125,0.7421875,0.7734375,0.7734375,0.0,0.0,0.0,0.0,0.0,0.0,0.0,0.0,0.7421875,0.7734375,0.6328125,0.625,33.33333333333333,75.04573940836049,75.04573940836049,75.04573940836049,0.0,0.0,0.0,1.9996143433685536,99.79984394767057,0.0,0.0,0.0,0.0,0.0,2.0028609761501377,99.546552441574,0,0.0
0.5078125,0.5,0.7578125,0.7421875,0.7734375,0.7734375,0.0,0.0,0.0,0.0,0.0,0.0,0.0,0.0,0.7421875,0.7734375,0.6328125,0.625,33.33333333333333,74.97580157157755,75.04573940836049,75.04573940836049,0.0,0.0,0.0,1.9996143433685536,99.79984394767057,0.0,0.0,0.0,0.0,0.0,1.9903063158268253,99.546552441574,0,0.0
0.5078125,0.5,0.7578125,0.7421875,0.7734375,0.7734375,0.0,0.0,0.0,0.0,0.0,0.0,0.0,0.0,0.7421875,0.7734375,0.6328125,0.625,33.33333333333333,74.8333422327804,74.8333422327804,74.8333422327804,0.0,0.0,0.0,2.01025351097382,99.67291199989504,0.0,0.0,0.0,0.0,0.0,2.0197001550815807,99.546552441574,0,0.0
0.5078125,0.5,0.7578125,0.7421875,0.7734375,0.7734375,0.0,0.0,0.0,0.0,0.0,0.0,0.0,0.0,0.7421875,0.7734375,0.6328125,0.625,33.33333333333333,74.8333422327804,75.15404259054549,74.8333422327804,0.0,0.0,0.0,2.000379470115228,99.67291199989504,0.0,0.0,0.0,0.0,0.0,1.9963985314855888,99.546552441574,0,0.0
0.5078125,0.5,0.7578125,0.7421875,0.7734375,0.7734375,0.0,0.0,0.0,0.0,0.0,0.0,0.0,0.0,0.7421875,0.7734375,0.6328125,0.625,33.33333333333333,74.8333422327804,74.8333422327804,74.8333422327804,0.0,0.0,0.0,2.000379470115228,99.67291199989504,0.0,0.0,0.0,0.0,0.0,2.0274697824545145,99.546552441574,0,0.0
0.5078125,0.5,0.7578125,0.7421875,0.7734375,0.7734375,0.0,0.0,0.0,0.0,0.0,0.0,0.0,0.0,0.7421875,0.7734375,0.6328125,0.625,33.33333333333333,75.09966499833745,74.8333422327804,74.8333422327804,0.0,0.0,0.0,2.000379470115228,99.67291199989504,0.0,0.0,0.0,0.0,0.0,2.0274733065117387,99.546552441574,0,0.0
0.5078125,0.5,0.7578125,0.7421875,0.7734375,0.7734375,0.0,0.0,0.0,0.0,0.0,0.0,0.0,0.0,0.7421875,0.7734375,0.6328125,0.625,33.33333333333333,74.8333422327804,74.8333422327804,74.8333422327804,0.0,0.0,0.0,2.0166629071504527,99.92374732237836,0.0,0.0,0.0,0.0,0.0,2.0120914733255644,99.546552441574,0,0.0
0.5078125,0.5,0.7578125,0.7421875,0.7734375,0.7734375,0.0,0.0,0.0,0.0,0.0,0.0,0.0,0.0,0.7421875,0.7734375,0.6328125,0.625,33.33333333333333,74.8333422327804,74.8333422327804,75.09966499833745,0.0,0.0,0.0,2.013140020131436,99.92374732237836,0.0,0.0,0.0,0.0,0.0,1.9937214512396824,99.546552441574,0,0.0
0.5078125,0.5,0.7578125,0.7421875,0.7734375,0.7734375,0.0,0.0,0.0,0.0,0.0,0.0,0.0,0.0,0.7421875,0.7734375,0.6328125,0.625,33.33333333333333,74.8333422327804,75.09966499833745,74.8333422327804,0.0,0.0,0.0,1.995811781082832,99.92374732237836,0.0,0.0,0.0,0.0,0.0,2.0013728466701477,99.81303658333417,0,0.0
0.5078125,0.5,0.7578125,0.7421875,0.7734375,0.7734375,0.0,0.0,0.0,0.0,0.0,0.0,0.0,0.0,0.7421875,0.7734375,0.6328125,0.625,33.33333333333333,74.8333422327804,74.8333422327804,74.8333422327804,0.0,0.0,0.0,2.013140020131436,99.8175611858862,0.0,0.0,0.0,0.0,0.0,1.9937214512396824,99.81303658333417,0,0.0
0.5078125,0.5,0.7578125,0.7421875,0.7734375,0.7734375,0.0,0.0,0.0,0.0,0.0,0.0,0.0,0.0,0.7421875,0.7734375,0.6328125,0.625,33.33333333333333,75.15404259054549,74.8333422327804,74.8333422327804,0.0,0.0,0.0,2.0039324558704696,99.67291199989504,0.0,0.0,0.0,0.0,0.0,2.005195775398048,99.81303658333417,0,0.0
0.5078125,0.5,0.7578125,0.7421875,0.7734375,0.7734375,0.0,0.0,0.0,0.0,0.0,0.0,0.0,0.0,0.7421875,0.7734375,0.6328125,0.625,33.33333333333333,74.8333422327804,74.8333422327804,74.8333422327804,0.0,0.0,0.0,2.013140020131436,99.67291199989504,0.0,0.0,0.0,0.0,0.0,2.0274697824545145,99.81303658333417,0,0.0
0.5078125,0.5,0.7578125,0.7421875,0.7734375,0.7734375,0.0,0.0,0.0,0.0,0.0,0.0,0.0,0.0,0.7421875,0.7734375,0.6328125,0.625,33.33333333333333,74.8333422327804,74.8333422327804,74.8333422327804,0.0,0.0,0.0,2.0039324558704696,99.67291199989504,0.0,0.0,0.0,0.0,0.0,2.0197001550815807,99.81303658333417,0,0.0
0.5078125,0.5,0.7578125,0.7421875,0.7734375,0.7734375,0.0,0.0,0.0,0.0,0.0,0.0,0.0,0.0,0.7421875,0.7734375,0.6328125,0.625,33.33333333333333,74.8333422327804,74.8333422327804,74.8333422327804,0.0,0.0,0.0,2.0039324558704696,99.67291199989504,0.0,0.0,0.0,0.0,0.0,2.005195775398048,99.81303658333417,0,0.0
0.5078125,0.5,0.7578125,0.7421875,0.7734375,0.7734375,0.0,0.0,0.0,0.0,0.0,0.0,0.0,0.0,0.7421875,0.7734375,0.6328125,0.625,33.33333333333333,74.8333422327804,75.09966499833745,74.8333422327804,0.0,0.0,0.0,2.013140020131436,99.67291199989504,0.0,0.0,0.0,0.0,0.0,2.005195775398048,99.81303658333417,0,0.0
0.5078125,0.5,0.7578125,0.7421875,0.7734375,0.7734375,0.0,0.0,0.0,0.0,0.0,0.0,0.0,0.0,0.7421875,0.7734375,0.6328125,0.625,33.33333333333333,74.8333422327804,74.8333422327804,74.8333422327804,0.0,0.0,0.0,2.013140020131436,99.67291199989504,0.0,0.0,0.0,0.0,0.0,1.9963881997078896,99.81303658333417,0,0.0
0.5078125,0.5,0.7578125,0.7421875,0.7734375,0.7734375,0.0,0.0,0.0,0.0,0.0,0.0,0.0,0.0,0.7421875,0.7734375,0.6328125,0.625,33.33333333333333,74.8333422327804,74.8333422327804,75.15404259054549,0.0,0.0,0.0,2.0039324558704696,99.67291199989504,0.0,0.0,0.0,0.0,0.0,2.0274697824545145,99.81303658333417,0,0.0
0.5078125,0.5078125,0.7578125,0.7421875,0.7734375,0.7734375,0.0,0.0,0.0,0.0,0.0,0.0,0.0,0.0,0.7421875,0.7734375,0.6328125,0.625,33.33333333333333,74.8333422327804,74.8333422327804,74.8333422327804,0.0,0.0,0.0,2.012303323231773,99.67291199989504,0.0,0.0,0.0,0.0,0.0,2.0274697824545145,99.81303658333417,0,0.0
0.5078125,0.5078125,0.7578125,0.7421875,0.7734375,0.7734375,0.0,0.0,0.0,0.0,0.0,0.0,0.0,0.0,0.7421875,0.7734375,0.6328125,0.625,33.33333333333333,74.8333422327804,74.8333422327804,74.8333422327804,0.0,0.0,0.0,2.0117922802928545,99.67291199989504,0.0,0.0,0.0,0.0,0.0,2.0013728466701477,99.81303658333417,0,0.0
0.5078125,0.5078125,0.7578125,0.7421875,0.7734375,0.7734375,0.0,0.0,0.0,0.0,0.0,0.0,0.0,0.0,0.7421875,0.7734375,0.6328125,0.625,33.33333333333333,74.8333422327804,74.8333422327804,74.8333422327804,0.0,0.0,0.0,2.013140020131436,99.8175611858862,0.0,0.0,0.0,0.0,0.0,2.0274697824545145,99.81303658333417,0,0.0
0.5078125,0.5078125,0.7578125,0.7421875,0.7734375,0.7734375,0.0,0.0,0.0,0.0,0.0,0.0,0.0,0.0,0.7421875,0.7734375,0.6328125,0.625,33.33333333333333,74.8333422327804,75.15404259054549,75.15404259054549,0.0,0.0,0.0,2.013140020131436,99.8175611858862,0.0,0.0,0.0,0.0,0.0,1.9937214512396824,99.81303658333417,0,0.0
0.5078125,0.5078125,0.7578125,0.7421875,0.7734375,0.7734375,0.0,0.0,0.0,0.0,0.0,0.0,0.0,0.0,0.7421875,0.7734375,0.6328125,0.625,33.33333333333333,74.8333422327804,74.8333422327804,74.8333422327804,0.0,0.0,0.0,1.997719515667682,99.8175611858862,0.0,0.0,0.0,0.0,0.0,2.0119993848934183,99.81303658333417,0,0.0
0.5078125,0.5078125,0.7578125,0.7421875,0.7734375,0.7734375,0.0,0.0,0.0,0.0,0.0,0.0,0.0,0.0,0.7421875,0.7734375,0.6328125,0.625,33.33333333333333,75.09343857473047,75.09343857473047,75.09343857473047,0.0,0.0,0.0,2.000059767264707,99.98693934463162,0.0,0.0,0.0,0.0,0.0,2.0133964456483966,99.81303658333417,0,0.0
0.5078125,0.5078125,0.7578125,0.7421875,0.7734375,0.7734375,0.0,0.0,0.0,0.0,0.0,0.0,0.0,0.0,0.7421875,0.7734375,0.6328125,0.625,33.33333333333333,75.09343857473047,75.09343857473047,75.09343857473047,0.0,0.0,0.0,1.9636439073107577,99.98693934463162,0.0,0.0,0.0,0.0,0.0,2.0098660784410853,99.81303658333417,0,0.0
0.5078125,0.5078125,0.7578125,0.7421875,0.7734375,0.7734375,0.0,0.0,0.0,0.0,0.0,0.0,0.0,0.0,0.7421875,0.7734375,0.6328125,0.625,33.33333333333333,75.09343857473047,75.07845906585462,75.09343857473047,0.0,0.0,0.0,1.9636439073107577,99.98693934463162,0.0,0.0,0.0,0.0,0.0,2.005310808025117,99.71811317934574,0,0.0
0.5078125,0.5078125,0.7578125,0.7421875,0.7734375,0.7734375,0.0,0.0,0.0,0.0,0.0,0.0,0.0,0.0,0.7421875,0.7734375,0.6328125,0.625,33.33333333333333,75.09343857473047,75.09343857473047,75.09343857473047,0.0,0.0,0.0,1.971209757111588,99.98693934463162,0.0,0.0,0.0,0.0,0.0,1.9809452501497369,99.71811317934574,0,0.0
0.5078125,0.5078125,0.7578125,0.7421875,0.7734375,0.7734375,0.0,0.0,0.0,0.0,0.0,0.0,0.0,0.0,0.7421875,0.7734375,0.6328125,0.625,33.33333333333333,75.03818602044934,75.09343857473047,75.09343857473047,0.0,0.0,0.0,2.000059767264707,99.6768670124053,0.0,0.0,0.0,0.0,0.0,2.0133964456483966,99.71811317934574,0,0.0
0.5078125,0.5078125,0.7578125,0.7421875,0.7734375,0.7734375,0.0,0.0,0.0,0.0,0.0,0.0,0.0,0.0,0.7421875,0.7734375,0.6328125,0.625,33.33333333333333,75.09343857473047,75.09343857473047,75.09343857473047,0.0,0.0,0.0,1.9636439073107577,99.6768670124053,0.0,0.0,0.0,0.0,0.0,2.0133964456483966,99.71811317934574,0,0.0
0.5078125,0.5078125,0.7578125,0.7421875,0.7734375,0.7734375,0.0,0.0,0.0,0.0,0.0,0.0,0.0,0.0,0.7421875,0.7734375,0.6328125,0.625,33.33333333333333,75.09343857473047,75.09343857473047,75.09343857473047,0.0,0.0,0.0,1.9636439073107577,99.6768670124053,0.0,0.0,0.0,0.0,0.0,2.005310808025117,99.71811317934574,0,0.0
0.5078125,0.5078125,0.7578125,0.7421875,0.7734375,0.7734375,0.0,0.0,0.0,0.0,0.0,0.0,0.0,0.0,0.7421875,0.7734375,0.6328125,0.625,33.33333333333333,75.09343857473047,75.09343857473047,75.09343857473047,0.0,0.0,0.0,2.011100562831832,99.6127014903846,0.0,0.0,0.0,0.0,0.0,2.0133964456483966,99.71811317934574,0,0.0
0.5078125,0.5078125,0.7578125,0.7421875,0.7734375,0.7734375,0.0,0.0,0.0,0.0,0.0,0.0,0.0,0.0,0.7421875,0.7734375,0.6328125,0.625,33.33333333333333,75.09343857473047,75.09343857473047,75.09343857473047,0.0,0.0,0.0,2.050548272721202,99.6127014903846,0.0,0.0,0.0,0.0,0.0,1.9809452501497369,99.71811317934574,0,0.0
0.5078125,0.5078125,0.7578125,0.7421875,0.7734375,0.7734375,0.0,0.0,0.0,0.0,0.0,0.0,0.0,0.0,0.7421875,0.7734375,0.6328125,0.625,33.33333333333333,75.09343857473047,75.03818602044934,75.09343857473047,0.0,0.0,0.0,2.011100562831832,99.6127014903846,0.0,0.0,0.0,0.0,0.0,2.0098660784410853,99.71811317934574,0,0.0
0.5078125,0.5078125,0.7578125,0.7421875,0.7734375,0.7734375,0.0,0.0,0.0,0.0,0.0,0.0,0.0,0.0,0.7421875,0.7734375,0.6328125,0.625,33.33333333333333,75.09343857473047,75.09343857473047,75.09343857473047,0.0,0.0,0.0,2.040633609882285,99.6127014903846,0.0,0.0,0.0,0.0,0.0,2.0133964456483966,99.71811317934574,0,0.0
0.5078125,0.5078125,0.7578125,0.7421875,0.7734375,0.7734375,0.0,0.0,0.0,0.0,0.0,0.0,0.0,0.0,0.7421875,0.7734375,0.6328125,0.625,33.33333333333333,75.09343857473047,75.09343857473047,75.09343857473047,0.0,0.0,0.0,2.000059767264707,99.6127014903846,0.0,0.0,0.0,0.0,0.0,2.0098660784410853,99.71811317934574,0,0.0
0.5078125,0.5078125,0.7578125,0.7421875,0.7734375,0.7734375,0.0,0.0,0.0,0.0,0.0,0.0,0.0,0.0,0.7421875,0.7734375,0.6328125,0.625,33.33333333333333,75.09343857473047,75.09343857473047,75.09343857473047,0.0,0.0,0.0,2.0258921566614427,99.6127014903846,0.0,0.0,0.0,0.0,0.0,2.005310808025117,99.71811317934574,0,0.0
0.5078125,0.5078125,0.7578125,0.7421875,0.7734375,0.7734375,0.0,0.0,0.0,0.0,0.0,0.0,0.0,0.0,0.7421875,0.7734375,0.6328125,0.625,33.33333333333333,75.09343857473047,75.09343857473047,75.09343857473047,0.0,0.0,0.0,2.011100562831832,99.6127014903846,0.0,0.0,0.0,0.0,0.0,2.005310808025117,99.71811317934574,0,0.0
0.5078125,0.5078125,0.7578125,0.7421875,0.7734375,0.7734375,0.0,0.0,0.0,0.0,0.0,0.0,0.0,0.0,0.7421875,0.7734375,0.6328125,0.625,33.33333333333333,75.03818602044934,75.09343857473047,75.03818602044934,0.0,0.0,0.0,1.9636439073107577,99.6127014903846,0.0,0.0,0.0,0.0,0.0,2.005310808025117,99.71811317934574,0,0.0
0.5078125,0.5078125,0.7578125,0.7421875,0.7734375,0.7734375,0.0,0.0,0.0,0.0,0.0,0.0,0.0,0.0,0.7421875,0.7734375,0.6328125,0.625,33.33333333333333,75.09343857473047,75.09343857473047,75.09343857473047,0.0,0.0,0.0,2.022982434792404,99.6127014903846,0.0,0.0,0.0,0.0,0.0,1.9664531462942323,99.71811317934574,0,0.0
0.5078125,0.5078125,0.7578125,0.7421875,0.7734375,0.7734375,0.0,0.0,0.0,0.0,0.0,0.0,0.0,0.0,0.7421875,0.7578125,0.6328125,0.6484375,33.33333333333333,75.09343857473047,75.09343857473047,75.09343857473047,0.0,0.0,0.0,1.9636439073107577,99.6127014903846,0.0,0.0,0.0,0.0,0.0,2.0133964456483966,99.71811317934574,0,0.0
0.5078125,0.5078125,0.7578125,0.7421875,0.7734375,0.7734375,0.0,0.0,0.0,0.0,0.0,0.0,0.0,0.0,0.7421875,0.7578125,0.6328125,0.6484375,33.33333333333333,75.09343857473047,75.09343857473047,75.07845906585462,0.0,0.0,0.0,2.011100562831832,99.6127014903846,0.0,0.0,0.0,0.0,0.0,2.0098660784410853,99.71811317934574,0,0.0
0.5078125,0.5078125,0.7578125,0.7421875,0.7734375,0.7734375,0.0,0.0,0.0,0.0,0.0,0.0,0.0,0.0,0.7421875,0.7578125,0.6328125,0.6484375,33.33333333333333,75.09343857473047,75.09343857473047,75.09343857473047,0.0,0.0,0.0,2.011100562831832,99.6127014903846,0.0,0.0,0.0,0.0,0.0,2.005310808025117,99.71811317934574,0,0.0
0.5078125,0.5078125,0.7578125,0.7421875,0.7734375,0.7734375,0.0,0.0,0.0,0.0,0.0,0.0,0.0,0.0,0.7421875,0.7578125,0.6328125,0.6484375,33.33333333333333,75.09343857473047,75.09343857473047,75.09343857473047,0.0,0.0,0.0,2.011100562831832,99.6127014903846,0.0,0.0,0.0,0.0,0.0,2.0098660784410853,99.71811317934574,0,0.0
0.5078125,0.5078125,0.7578125,0.7421875,0.7734375,0.7734375,0.0,0.0,0.0,0.0,0.0,0.0,0.0,0.0,0.7421875,0.7578125,0.6328125,0.6484375,33.33333333333333,74.96596716300486,74.96596716300486,74.96596716300486,0.0,0.0,0.0,1.9705313333871075,99.6127014903846,0.0,0.0,0.0,0.0,0.0,2.0240421380020304,99.71811317934574,0,0.0
0.5078125,0.5078125,0.7578125,0.7421875,0.7734375,0.7734375,0.0,0.0,0.0,0.0,0.0,0.0,0.0,0.0,0.7421875,0.7578125,0.6328125,0.6484375,33.33333333333333,74.96596716300486,74.96596716300486,74.96596716300486,0.0,0.0,0.0,2.0366739974105887,99.76110387295734,0.0,0.0,0.0,0.0,0.0,2.0172459701092964,99.71811317934574,0,0.0
0.5078125,0.5078125,0.7578125,0.7421875,0.7734375,0.7734375,0.0,0.0,0.0,0.0,0.0,0.0,0.0,0.0,0.7421875,0.7578125,0.6328125,0.6484375,33.33333333333333,74.96596716300486,74.96596716300486,74.96596716300486,0.0,0.0,0.0,1.999743967337793,99.6780256353021,0.0,0.0,0.0,0.0,0.0,1.9863870436787776,99.71811317934574,0,0.0
0.5078125,0.5078125,0.7578125,0.7421875,0.7734375,0.7734375,0.0,0.0,0.0,0.0,0.0,0.0,0.0,0.0,0.7421875,0.7578125,0.6328125,0.6484375,33.33333333333333,74.96596716300486,74.96596716300486,74.96596716300486,0.0,0.0,0.0,2.031907146305377,99.6780256353021,0.0,0.0,0.0,0.0,0.0,1.9863870436787776,99.71811317934574,0,0.0
0.5078125,0.5078125,0.7578125,0.7421875,0.7734375,0.7734375,0.0,0.0,0.0,0.0,0.0,0.0,0.0,0.0,0.7421875,0.7578125,0.6328125,0.6484375,33.33333333333333,74.96596716300486,74.95216599949737,74.90706315984727,0.0,0.0,0.0,1.9705313333871075,99.6780256353021,0.0,0.0,0.0,0.0,0.0,1.9773096750813903,99.71811317934574,0,0.0
0.5078125,0.5078125,0.7578125,0.7421875,0.7734375,0.7734375,0.0,0.0,0.0,0.0,0.0,0.0,0.0,0.0,0.7421875,0.7578125,0.6328125,0.6484375,33.33333333333333,74.96596716300486,74.96596716300486,74.96596716300486,0.0,0.0,0.0,1.9705313333871075,99.6780256353021,0.0,0.0,0.0,0.0,0.0,2.0240421380020304,99.71811317934574,0,0.0
0.5078125,0.5078125,0.7578125,0.7421875,0.7734375,0.7734375,0.0,0.0,0.0,0.0,0.0,0.0,0.0,0.0,0.7421875,0.7578125,0.6328125,0.6484375,33.33333333333333,74.96596716300486,74.96596716300486,74.96596716300486,0.0,0.0,0.0,2.0252048470857917,99.6780256353021,0.0,0.0,0.0,0.0,0.0,1.9682899808673275,99.71811317934574,0,0.0
0.5078125,0.5078125,0.7578125,0.7421875,0.7734375,0.7734375,0.0,0.0,0.0,0.0,0.0,0.0,0.0,0.0,0.7421875,0.7578125,0.6328125,0.6484375,33.33333333333333,74.96596716300486,74.96596716300486,74.96596716300486,0.0,0.0,0.0,1.9705313333871075,99.6780256353021,0.0,0.0,0.0,0.0,0.0,2.027085744982935,99.71811317934574,0,0.0
0.5078125,0.5078125,0.7578125,0.7421875,0.7734375,0.7734375,0.0,0.0,0.0,0.0,0.0,0.0,0.0,0.0,0.7421875,0.7578125,0.6328125,0.6484375,33.33333333333333,74.95216599949737,74.90706315984727,74.95216599949737,0.0,0.0,0.0,2.0252048470857917,99.6780256353021,0.0,0.0,0.0,0.0,0.0,1.9682899808673275,99.71811317934574,0,0.0
0.5078125,0.5078125,0.7578125,0.7421875,0.7734375,0.7734375,0.0,0.0,0.0,0.0,0.0,0.0,0.0,0.0,0.7421875,0.7578125,0.6328125,0.6484375,33.33333333333333,74.96596716300486,74.96596716300486,74.96596716300486,0.0,0.0,0.0,1.9705313333871075,99.6780256353021,0.0,0.0,0.0,0.0,0.0,2.004248614047617,99.96500034834656,0,0.0
0.5078125,0.5078125,0.7578125,0.7421875,0.7734375,0.7734375,0.0,0.0,0.0,0.0,0.0,0.0,0.0,0.0,0.7421875,0.7578125,0.6328125,0.6484375,33.33333333333333,74.96596716300486,74.96596716300486,74.96596716300486,0.0,0.0,0.0,2.0366739974105887,99.76110387295734,0.0,0.0,0.0,0.0,0.0,2.037203987521424,99.96500034834656,0,0.0
0.5078125,0.5078125,0.7578125,0.7421875,0.7734375,0.7734375,0.0,0.0,0.0,0.0,0.0,0.0,0.0,0.0,0.7421875,0.7578125,0.6328125,0.6484375,33.33333333333333,74.96596716300486,74.96596716300486,74.96596716300486,0.0,0.0,0.0,2.0252048470857917,99.76110387295734,0.0,0.0,0.0,0.0,0.0,2.0240421380020304,99.96500034834656,0,0.0
0.5078125,0.5078125,0.7578125,0.7421875,0.7734375,0.7734375,0.0,0.0,0.0,0.0,0.0,0.0,0.0,0.0,0.7421875,0.7578125,0.6328125,0.6484375,33.33333333333333,74.96596716300486,74.96596716300486,74.95216599949737,0.0,0.0,0.0,1.9705313333871075,99.76110387295734,0.0,0.0,0.0,0.0,0.0,1.9682899808673275,99.96500034834656,0,0.0
0.5078125,0.5078125,0.7578125,0.7421875,0.7734375,0.7734375,0.0,0.0,0.0,0.0,0.0,0.0,0.0,0.0,0.7421875,0.7578125,0.6328125,0.6484375,33.33333333333333,74.96596716300486,74.95216599949737,74.96596716300486,0.0,0.0,0.0,1.9705313333871075,99.76110387295734,0.0,0.0,0.0,0.0,0.0,1.9863870436787776,99.96500034834656,0,0.0
0.5078125,0.5078125,0.7578125,0.7421875,0.7734375,0.7734375,0.0,0.0,0.0,0.0,0.0,0.0,0.0,0.0,0.7421875,0.7578125,0.6328125,0.6484375,33.33333333333333,74.96596716300486,74.96596716300486,74.96596716300486,0.0,0.0,0.0,2.0252048470857917,99.76110387295734,0.0,0.0,0.0,0.0,0.0,1.9682899808673275,99.96500034834656,0,0.0
0.4921875,0.5078125,0.7578125,0.7421875,0.7734375,0.7734375,0.0,0.0,0.0,0.0,0.0,0.0,0.0,0.0,0.7421875,0.7578125,0.6328125,0.6484375,33.33333333333333,74.96596716300486,74.96596716300486,74.96596716300486,0.0,0.0,0.0,1.9705313333871075,99.76110387295734,0.0,0.0,0.0,0.0,0.0,1.9863870436787776,99.96500034834656,0,0.0
0.4921875,0.5078125,0.7578125,0.7421875,0.7734375,0.7734375,0.0,0.0,0.0,0.0,0.0,0.0,0.0,0.0,0.7421875,0.7578125,0.6328125,0.6484375,33.33333333333333,74.96596716300486,74.96596716300486,74.95216599949737,0.0,0.0,0.0,2.0252048470857917,99.76110387295734,0.0,0.0,0.0,0.0,0.0,1.9773096750813903,99.96500034834656,0,0.0
0.4921875,0.5078125,0.7578125,0.7421875,0.7734375,0.7734375,0.0,0.0,0.0,0.0,0.0,0.0,0.0,0.0,0.7421875,0.7578125,0.6328125,0.6484375,33.33333333333333,74.96596716300486,74.90706315984727,74.96596716300486,0.0,0.0,0.0,2.031907146305377,99.76110387295734,0.0,0.0,0.0,0.0,0.0,2.0240421380020304,99.96500034834656,0,0.0
0.4921875,0.5078125,0.7578125,0.7421875,0.7734375,0.7734375,0.0,0.0,0.0,0.0,0.0,0.0,0.0,0.0,0.7421875,0.7578125,0.6328125,0.6484375,33.33333333333333,74.96596716300486,74.96596716300486,74.96596716300486,0.0,0.0,0.0,2.0366739974105887,99.76110387295734,0.0,0.0,0.0,0.0,0.0,2.0172459701092964,99.96500034834656,0,0.0
0.4921875,0.5078125,0.7578125,0.7421875,0.7734375,0.7734375,0.0,0.0,0.0,0.0,0.0,0.0,0.0,0.0,0.7421875,0.7578125,0.6328125,0.6484375,33.33333333333333,74.95216599949737,74.96596716300486,74.96596716300486,0.0,0.0,0.0,1.9705313333871075,99.76110387295734,0.0,0.0,0.0,0.0,0.0,2.027085744982935,99.96500034834656,0,0.0
0.4921875,0.5078125,0.7578125,0.7421875,0.7734375,0.7734375,0.0,0.0,0.0,0.0,0.0,0.0,0.0,0.0,0.7421875,0.7578125,0.6328125,0.6484375,33.33333333333333,75.08029491378582,75.08029491378582,75.08029491378582,0.0,0.0,0.0,1.991988216085328,99.76110387295734,0.0,0.0,0.0,0.0,0.0,2.0359028847645777,99.77463069790558,0,0.0
0.4921875,0.5078125,0.7578125,0.7421875,0.7734375,0.7734375,0.0,0.0,0.0,0.0,0.0,0.0,0.0,0.0,0.7421875,0.7578125,0.6328125,0.6484375,33.33333333333333,75.08029491378582,75.08029491378582,75.08029491378582,0.0,0.0,0.0,2.000924800938182,99.76110387295734,0.0,0.0,0.0,0.0,0.0,2.0066413636079097,99.7882266295054,0,0.0
0.4921875,0.5078125,0.7578125,0.7421875,0.7734375,0.7734375,0.0,0.0,0.0,0.0,0.0,0.0,0.0,0.0,0.7421875,0.7578125,0.6328125,0.6484375,33.33333333333333,75.08029491378582,75.08029491378582,75.08029491378582,0.0,0.0,0.0,2.004419054398866,99.76110387295734,0.0,0.0,0.0,0.0,0.0,2.0210247152506877,99.93252368310849,0,0.0
0.4921875,0.5078125,0.7578125,0.7421875,0.7734375,0.7734375,0.0,0.0,0.0,0.0,0.0,0.0,0.0,0.0,0.7421875,0.7578125,0.6328125,0.6484375,33.33333333333333,75.08029491378582,75.08029491378582,75.08029491378582,0.0,0.0,0.0,2.004419054398866,99.76110387295734,0.0,0.0,0.0,0.0,0.0,2.0210247152506877,99.93252368310849,0,0.0
0.4921875,0.5078125,0.7578125,0.7421875,0.7734375,0.7734375,0.0,0.0,0.0,0.0,0.0,0.0,0.0,0.0,0.7421875,0.7578125,0.6328125,0.6484375,33.33333333333333,75.08029491378582,75.08029491378582,74.97127850861162,0.0,0.0,0.0,2.000924800938182,99.76110387295734,0.0,0.0,0.0,0.0,0.0,2.0066413636079097,99.7882266295054,0,0.0
0.4921875,0.5078125,0.7578125,0.7421875,0.7734375,0.7734375,0.0,0.0,0.0,0.0,0.0,0.0,0.0,0.0,0.7421875,0.7578125,0.6328125,0.6484375,33.33333333333333,75.08029491378582,75.08029491378582,75.08029491378582,0.0,0.0,0.0,1.991988216085328,99.76110387295734,0.0,0.0,0.0,0.0,0.0,2.0359028847645777,99.77463069790558,0,0.0
0.4921875,0.5078125,0.7578125,0.7421875,0.7734375,0.7734375,0.0,0.0,0.0,0.0,0.0,0.0,0.0,0.0,0.7421875,0.7578125,0.6328125,0.6484375,33.33333333333333,75.08029491378582,74.97127850861162,75.08029491378582,0.0,0.0,0.0,1.9980485677369504,99.93713245608332,0.0,0.0,0.0,0.0,0.0,2.0066413636079097,99.77463069790558,0,0.0
0.4921875,0.5078125,0.7578125,0.7421875,0.7734375,0.7734375,0.0,0.0,0.0,0.0,0.0,0.0,0.0,0.0,0.7421875,0.7578125,0.6328125,0.6484375,33.33333333333333,75.08029491378582,75.08029491378582,75.08029491378582,0.0,0.0,0.0,1.991988216085328,99.93713245608332,0.0,0.0,0.0,0.0,0.0,2.003793982672597,99.5014813611072,0,0.0
0.4921875,0.5078125,0.7578125,0.7421875,0.7734375,0.7734375,0.0,0.0,0.0,0.0,0.0,0.0,0.0,0.0,0.7421875,0.7578125,0.6328125,0.6484375,33.33333333333333,75.08029491378582,75.08029491378582,74.97127850861162,0.0,0.0,0.0,1.991988216085328,99.93713245608332,0.0,0.0,0.0,0.0,0.0,2.003793982672597,99.5014813611072,0,0.0
0.4921875,0.5078125,0.7578125,0.7421875,0.7734375,0.7734375,0.0,0.0,0.0,0.0,0.0,0.0,0.0,0.0,0.7421875,0.7578125,0.6328125,0.6484375,33.33333333333333,75.08029491378582,75.08029491378582,75.08029491378582,0.0,0.0,0.0,1.9980485677369504,99.93713245608332,0.0,0.0,0.0,0.0,0.0,2.0121329103859487,99.77463069790558,0,0.0
0.4921875,0.5078125,0.7578125,0.7421875,0.7734375,0.7734375,0.0,0.0,0.0,0.0,0.0,0.0,0.0,0.0,0.7421875,0.7578125,0.6328125,0.6484375,33.33333333333333,75.08029491378582,74.97127850861162,75.08029491378582,0.0,0.0,0.0,1.9980485677369504,99.93713245608332,0.0,0.0,0.0,0.0,0.0,2.0174933481409267,99.52874736465157,0,0.0
0.4921875,0.5078125,0.7578125,0.7421875,0.7734375,0.7734375,0.0,0.0,0.0,0.0,0.0,0.0,0.0,0.0,0.7421875,0.7578125,0.6328125,0.6484375,33.33333333333333,75.08029491378582,75.08029491378582,75.08029491378582,0.0,0.0,0.0,1.991988216085328,99.93713245608332,0.0,0.0,0.0,0.0,0.0,2.0359028847645777,99.77463069790558,0,0.0
0.4921875,0.5078125,0.7578125,0.7421875,0.7734375,0.7734375,0.0,0.0,0.0,0.0,0.0,0.0,0.0,0.0,0.7421875,0.7578125,0.6328125,0.6484375,33.33333333333333,74.97127850861162,75.08029491378582,74.97127850861162,0.0,0.0,0.0,1.9980485677369504,99.93713245608332,0.0,0.0,0.0,0.0,0.0,2.011850838004824,99.77463069790558,0,0.0
0.4921875,0.5078125,0.7578125,0.7421875,0.7734375,0.7734375,0.0,0.0,0.0,0.0,0.0,0.0,0.0,0.0,0.7421875,0.7578125,0.6328125,0.6484375,33.33333333333333,75.08029491378582,75.08029491378582,75.08029491378582,0.0,0.0,0.0,2.004419054398866,99.93713245608332,0.0,0.0,0.0,0.0,0.0,2.0359028847645777,99.95061109304324,0,0.0
0.4921875,0.5078125,0.7578125,0.7421875,0.7734375,0.7734375,0.0,0.0,0.0,0.0,0.0,0.0,0.0,0.0,0.7421875,0.7578125,0.6328125,0.6484375,33.33333333333333,75.08029491378582,74.96950701302963,75.08029491378582,0.0,0.0,0.0,1.991988216085328,99.93713245608332,0.0,0.0,0.0,0.0,0.0,2.0359028847645777,99.77463069790558,0,0.0
0.4921875,0.5078125,0.7578125,0.7421875,0.7734375,0.7734375,0.0,0.0,0.0,0.0,0.0,0.0,0.0,0.0,0.7421875,0.7578125,0.6328125,0.6484375,33.33333333333333,75.08029491378582,75.08029491378582,75.08029491378582,0.0,0.0,0.0,2.018424794847548,99.93713245608332,0.0,0.0,0.0,0.0,0.0,1.9973563723708612,99.77463069790558,0,0.0
0.4921875,0.5078125,0.7578125,0.7421875,0.7734375,0.7734375,0.0,0.0,0.0,0.0,0.0,0.0,0.0,0.0,0.7421875,0.7578125,0.6328125,0.6484375,33.33333333333333,74.96950701302963,75.08029491378582,74.96950701302963,0.0,0.0,0.0,1.991988216085328,99.93713245608332,0.0,0.0,0.0,0.0,0.0,2.003793982672597,99.77463069790558,0,0.0
0.4921875,0.5078125,0.7578125,0.7421875,0.7734375,0.7734375,0.0,0.0,0.0,0.0,0.0,0.0,0.0,0.0,0.7421875,0.7578125,0.6328125,0.6484375,33.33333333333333,75.08029491378582,75.08029491378582,75.08029491378582,0.0,0.0,0.0,1.991988216085328,99.93713245608332,0.0,0.0,0.0,0.0,0.0,2.0359028847645777,99.77463069790558,0,0.0
0.4921875,0.5078125,0.7578125,0.7421875,0.7734375,0.7734375,0.0,0.0,0.0,0.0,0.0,0.0,0.0,0.0,0.7421875,0.7578125,0.6328125,0.6484375,33.33333333333333,75.08029491378582,75.08029491378582,75.08029491378582,0.0,0.0,0.0,2.004419054398866,99.93713245608332,0.0,0.0,0.0,0.0,0.0,2.0359028847645777,99.77463069790558,0,0.0
0.4921875,0.5078125,0.7578125,0.7421875,0.7734375,0.7734375,0.0,0.0,0.0,0.0,0.0,0.0,0.0,0.0,0.7421875,0.7578125,0.6328125,0.6484375,33.33333333333333,75.08029491378582,75.08029491378582,75.08029491378582,0.0,0.0,0.0,1.9956486100620816,99.51278587674877,0.0,0.0,0.0,0.0,0.0,1.9982070461685444,99.77463069790558,0,0.0
0.4921875,0.5078125,0.7578125,0.7421875,0.7734375,0.7734375,0.0,0.0,0.0,0.0,0.0,0.0,0.0,0.0,0.7421875,0.7578125,0.6328125,0.6484375,33.33333333333333,74.97907234459073,74.97907234459073,75.08091812668148,-1.9867897195650688,2.4950441462161037,-0.2502538346207546,1.9811678428196609,99.51278587674877,0.0,-0.6367539031108882,0.0,0.0,0.0,2.013322314071647,99.59404268676464,0,0.0
0.4921875,0.5078125,0.7578125,0.7421875,0.7734375,0.7734375,0.0,0.0,0.0,0.0,0.0,0.0,0.0,0.0,0.7421875,0.7578125,0.6328125,0.6484375,33.33333333333333,75.1106706410712,74.97907234459073,74.97907234459073,-4.722176979321706,6.323217708929462,-2.873009974888503,1.9776165120147045,99.8231185126622,0.0,2.527773551965648,0.0,0.0,0.0,2.0258257493885865,99.90918097457694,0,0.0
0.4921875,0.5078125,0.7578125,0.7421875,0.7734375,0.7734375,0.0,0.0,0.0,0.0,0.0,0.0,0.0,0.0,0.7421875,0.7578125,0.6328125,0.6484375,33.33333333333333,74.97907234459073,74.97907234459073,74.97907234459073,-4.055316715625256,6.275617333530154,-4.07692117388159,2.010149928015044,99.8231185126622,0.0,4.605935233493384,0.0,0.0,0.0,1.994479397881824,99.90918097457694,0,0.0
0.4921875,0.5078125,0.7578125,0.7421875,0.7734375,0.7734375,0.0,0.0,0.0,0.0,0.0,0.0,0.0,0.0,0.7421875,0.7578125,0.6328125,0.6484375,33.33333333333333,74.97907234459073,74.97907234459073,74.97907234459073,-2.863823704065792,5.15019043272372,-4.975423136139107,2.010149928015044,99.8231185126622,0.0,6.301159243563551,0.0,0.0,0.0,1.94672209167245,99.73336263354116,0,0.0
0.4921875,0.5078125,0.7578125,0.7421875,0.7734375,0.7734375,0.0,0.0,0.0,0.0,0.0,0.0,0.0,0.0,0.7421875,0.7578125,0.6328125,0.6484375,33.33333333333333,74.97907234459073,74.97907234459073,75.1106706410712,-1.614453606338991,3.4035812859150663,-5.561449584399314,1.9776165120147045,99.73254775858216,0.0,7.279922855952164,0.0,0.0,0.0,1.94672209167245,99.73336263354116,0,0.0
0.4921875,0.5078125,0.7578125,0.7421875,0.7734375,0.7734375,0.0,0.0,0.0,0.0,0.0,0.0,0.0,0.0,0.7421875,0.7578125,0.6328125,0.6484375,33.33333333333333,74.97907234459073,74.97907234459073,74.97907234459073,-0.238263288860814,1.1256206691284083,-4.192971640270233,2.010149928015044,99.73254775858216,0.0,5.357991319303371,0.0,0.0,0.0,2.013322314071647,99.59404268676464,0,0.0
0.4921875,0.5078125,0.7578125,0.7421875,0.7734375,0.7734375,0.0,0.0,0.0,0.0,0.0,0.0,0.0,0.0,0.7421875,0.7578125,0.6328125,0.6484375,33.33333333333333,74.97907234459073,75.1106706410712,74.97907234459073,1.970513498270364,-2.6848740557297868,-1.7722784866088168,1.967444692344782,99.73254775858216,89.73254775858217,2.160404996752033,0.0,0.0,0.0,2.0109087207653285,99.59404268676464,0,0.0
0.4921875,0.5078125,0.7578125,0.7421875,0.7734375,0.7734375,0.0,0.0,0.0,0.0,0.0,0.0,0.0,0.0,0.7421875,0.7578125,0.6328125,0.6484375,33.33333333333333,74.97907234459073,74.97907234459073,75.1106706410712,3.4430190810246195,-4.710417973805017,-2.967829409974972,2.0106485986594977,99.73254775858216,89.73254775858217,3.638577845897009,0.0,0.0,0.0,2.000538610486261,99.59404268676464,0,0.0
0.4921875,0.5078125,0.7578125,0.7421875,0.7734375,0.7734375,0.0,0.0,0.0,0.0,0.0,0.0,0.0,0.0,0.7421875,0.7578125,0.6328125,0.6484375,33.33333333333333,75.1106706410712,74.97907234459073,74.97907234459073,0.0,0.0,0.0,1.9998424032405244,99.73254775858216,89.73254775858217,0.0,0.0,0.0,0.0,2.006299332559767,99.59404268676464,0,0.0
0.4921875,0.5078125,0.7578125,0.7421875,0.7734375,0.7734375,0.0,0.0,0.0,0.0,0.0,0.0,0.0,0.0,0.7421875,0.7578125,0.6328125,0.6484375,33.33333333333333,74.97907234459073,74.97907234459073,75.1106706410712,0.0,0.0,0.0,2.0195512311725152,99.57253445446058,89.73254775858217,0.0,0.0,0.0,0.0,2.000538610486261,99.7263855165668,0,0.0
0.4921875,0.5078125,0.7578125,0.7421875,0.7734375,0.7734375,0.0,0.0,0.0,0.0,0.0,0.0,0.0,0.0,0.7421875,0.7578125,0.6328125,0.6484375,33.33333333333333,74.97907234459073,74.97907234459073,74.97907234459073,0.0,0.0,0.0,1.9910033748963796,99.57253445446058,89.73254775858217,0.0,0.0,0.0,0.0,1.984504248655447,99.7263855165668,0,0.0
0.4921875,0.5078125,0.7578125,0.7421875,0.7734375,0.7734375,0.0,0.0,0.0,0.0,0.0,0.0,0.0,0.0,0.7421875,0.7578125,0.6328125,0.6484375,33.33333333333333,74.97907234459073,74.97907234459073,74.97907234459073,-1.4756838789899611,1.404765726726724,1.2209233466599732,2.010149928015044,99.57253445446058,89.73254775858217,-1.4350909900926527,0.0,0.0,0.0,1.994479397881824,99.7263855165668,0,0.0
0.4921875,0.5078125,0.7578125,0.7421875,0.7734375,0.7734375,0.0,0.0,0.0,0.0,0.0,0.0,0.0,0.0,0.7421875,0.7578125,0.6328125,0.6484375,33.33333333333333,75.1106706410712,74.97907234459073,74.97907234459073,-4.19920672717124,4.695076784226588,3.229848995860821,2.00305801805901,99.51868518262232,89.73254775858217,-3.712448238366141,0.0,0.0,0.0,2.009278522882923,99.85314523773216,0,0.0
0.4921875,0.5078125,0.7578125,0.7421875,0.7734375,0.7734375,0.0,0.0,0.0,0.0,0.0,0.0,0.0,0.0,0.7421875,0.7578125,0.6328125,0.6484375,33.33333333333333,74.97907234459073,75.1106706410712,74.97907234459073,-0.5242584760732821,0.325809887200069,2.2771169379637217,2.010149928015044,99.51868518262232,89.73254775858217,-2.739193034863962,0.0,0.0,0.0,2.013322314071647,99.59404268676464,0,0.0
0.4921875,0.5078125,0.7578125,0.7421875,0.7734375,0.7734375,0.0,0.0,0.0,0.0,0.0,0.0,0.0,0.0,0.7421875,0.7578125,0.6328125,0.6484375,33.33333333333333,74.97907234459073,74.97907234459073,75.1106706410712,1.2821700618109035,-2.1949846552149865,5.40463613745936,1.9776165120147045,99.73254775858216,89.39667891064437,-6.926107946180149,0.0,0.0,0.0,1.94672209167245,99.59404268676464,0,0.0
0.4921875,0.5078125,0.7578125,0.7421875,0.7734375,0.7734375,0.0,0.0,0.0,0.0,0.0,0.0,0.0,0.0,0.7421875,0.7578125,0.6328125,0.6484375,33.33333333333333,74.97907234459073,74.97907234459073,74.97907234459073,2.5696836935019625,-4.120125678363587,5.113876150052566,1.9776165120147045,99.73254775858216,89.50055002600129,-6.796670759191683,0.0,0.0,0.0,2.013322314071647,99.59404268676464,0,0.0
0.5078125,0.5078125,0.7578125,0.7421875,0.7734375,0.7734375,0.0,0.0,0.0,0.0,0.0,0.0,0.0,0.0,0.7421875,0.7578125,0.6328125,0.6484375,33.33333333333333,74.97907234459073,74.97907234459073,74.97907234459073,3.756992525763588,-5.658376413980554,4.272859908982923,1.9910033748963796,99.73254775858216,89.50055002600129,-5.614793560447439,0.0,0.0,0.0,2.013322314071647,99.59404268676464,0,0.0
0.5078125,0.5078125,0.7578125,0.7421875,0.7734375,0.7734375,0.0,0.0,0.0,0.0,0.0,0.0,0.0,0.0,0.7421875,0.7578125,0.6328125,0.6484375,33.33333333333333,75.1106706410712,74.97907234459073,74.97907234459073,4.731902617594225,-6.512133099514787,3.1880857866795878,2.010149928015044,99.73254775858216,89.50055002600129,-3.822530376839052,0.0,0.0,0.0,2.013322314071647,99.59404268676464,0,0.0
0.5078125,0.5078125,0.7578125,0.7421875,0.7734375,0.7734375,0.0,0.0,0.0,0.0,0.0,0.0,0.0,0.0,0.7421875,0.7578125,0.6328125,0.6484375,33.33333333333333,74.97907234459073,74.97907234459073,74.97907234459073,3.539276129046236,-4.561956635287647,1.801033258651121,1.9701530640746776,99.73254775858216,89.50055002600129,-1.5076063113354348,0.0,0.0,0.0,1.97359052036846,99.90918097457694,0,0.0
0.5078125,0.5078125,0.7578125,0.7421875,0.7734375,0.7734375,0.0,0.0,0.0,0.0,0.0,0.0,0.0,0.0,0.7421875,0.7578125,0.6328125,0.6484375,33.33333333333333,74.97907234459073,74.97907234459073,75.1106706410712,1.0441819444571416,-1.223670045954836,-1.0790177169979125,2.010149928015044,99.73254775858216,89.50055002600129,1.6205564637724728,0.0,0.0,0.0,2.013322314071647,99.59404268676464,0,0.0
0.5078125,0.5078125,0.7578125,0.7421875,0.7734375,0.7734375,0.0,0.0,0.0,0.0,0.0,0.0,0.0,0.0,0.7421875,0.7578125,0.6328125,0.6484375,33.33333333333333,74.99465687860177,74.99465687860177,74.99502060806367,3.241258826832507,-3.610981816465918,-4.342881145153989,2.001180173389052,99.73254775858216,89.50055002600129,5.360172763740087,0.0,0.0,0.0,2.0223903667889567,99.56681802889528,0,0.0
0.5078125,0.5078125,0.7578125,0.7421875,0.7734375,0.7734375,0.0,0.0,0.0,0.0,0.0,0.0,0.0,0.0,0.7421875,0.7578125,0.6328125,0.6484375,33.33333333333333,74.99502060806367,74.99502060806367,74.9982600463266,0.7894114591902976,-0.9357719135056046,-0.8445708637490434,1.9858204632340872,99.73254775858216,89.50055002600129,1.3544444395994948,0.0,0.0,0.0,2.05387304877958,99.56681802889528,0,0.0
0.5078125,0.5078125,0.7578125,0.7421875,0.7734375,0.7734375,0.0,0.0,0.0,0.0,0.0,0.0,0.0,0.0,0.7421875,0.7578125,0.6328125,0.6484375,33.33333333333333,74.99502060806367,74.99502060806367,74.99502060806367,0.0,0.0,0.0,2.00020458994374,99.81281801147044,89.947113969988,0.0,0.0,0.0,0.0,2.05387304877958,99.67324704673908,0,0.0
0.5078125,0.5078125,0.7578125,0.7421875,0.7734375,0.7734375,0.0,0.0,0.0,0.0,0.0,0.0,0.0,0.0,0.7421875,0.7578125,0.6328125,0.6484375,33.33333333333333,74.99502060806367,74.99502060806367,74.99502060806367,0.0,0.0,0.0,2.002148401532781,99.81281801147044,0.0,0.0,0.0,0.0,0.0,2.05387304877958,99.67324704673908,0,0.0
0.5078125,0.5078125,0.7578125,0.7421875,0.7734375,0.7734375,0.0,0.0,0.0,0.0,0.0,0.0,0.0,0.0,0.7421875,0.7578125,0.6328125,0.6484375,33.33333333333333,74.99502060806367,74.99502060806367,74.99502060806367,0.0,0.0,0.0,1.9991237513234112,99.96283967176754,0.0,0.0,0.0,0.0,0.0,1.978489141199868,99.72410131495312,0,0.0
0.5078125,0.5078125,0.7578125,0.7421875,0.7734375,0.7734375,0.0,0.0,0.0,0.0,0.0,0.0,0.0,0.0,0.7421875,0.7578125,0.6328125,0.6484375,33.33333333333333,74.99502060806367,74.99465687860177,74.99502060806367,-1.5005461666412867,1.6455869981397608,1.865506066720905,1.9939424332240236,99.96283967176754,0.0,-2.072895039927421,0.0,0.0,0.0,2.000038737753233,99.54953592950504,0,0.0
0.5078125,0.5078125,0.7578125,0.7421875,0.7734375,0.7734375,0.0,0.0,0.0,0.0,0.0,0.0,0.0,0.0,0.7421875,0.7578125,0.6328125,0.6484375,33.33333333333333,74.99502060806367,74.99502060806367,74.99502060806367,-3.133620569864482,3.373906303678533,4.416317047580064,2.0072163128040734,99.96283967176754,0.0,-5.073039948683791,0.0,0.0,0.0,2.013989242598431,99.54953592950504,0,0.0
0.5078125,0.5078125,0.7578125,0.7421875,0.7734375,0.7734375,0.0,0.0,0.0,0.0,0.0,0.0,0.0,0.0,0.7421875,0.7578125,0.6328125,0.6484375,33.33333333333333,74.99502060806367,74.99502060806367,74.99502060806367,0.0,0.0,0.0,2.02485095447813,99.96283967176754,0.0,0.0,0.0,0.0,0.0,1.9908252204370456,99.54953592950504,0,0.0
0.5078125,0.5078125,0.7578125,0.7421875,0.7734375,0.7734375,0.0,0.0,0.0,0.0,0.0,0.0,0.0,0.0,0.7421875,0.7578125,0.6328125,0.6484375,33.33333333333333,74.9982600463266,74.99502060806367,74.99502060806367,0.0,0.0,0.0,1.9921601882031903,99.63429595851755,0.0,0.0,0.0,0.0,0.0,2.0255960023890744,99.54953592950504,0,0.0
0.5078125,0.5078125,0.7578125,0.7421875,0.7734375,0.7734375,0.0,0.0,0.0,0.0,0.0,0.0,0.0,0.0,0.7421875,0.7578125,0.6328125,0.6484375,33.33333333333333,74.99502060806367,74.99502060806367,74.99502060806367,0.0,0.0,0.0,1.976898191586532,99.93582333737886,0.0,0.0,0.0,0.0,0.0,1.9908252204370456,99.54953592950504,0,0.0
0.5078125,0.5078125,0.7578125,0.7421875,0.7734375,0.7734375,0.0,0.0,0.0,0.0,0.0,0.0,0.0,0.0,0.7421875,0.7578125,0.6328125,0.6484375,33.33333333333333,74.99502060806367,74.99502060806367,74.99502060806367,0.0,0.0,0.0,1.9921601882031903,99.93582333737886,0.0,0.0,0.0,0.0,0.0,1.9917705291876584,99.54953592950504,0,0.0
0.5078125,0.5078125,0.7578125,0.7421875,0.7734375,0.7734375,0.0,0.0,0.0,0.0,0.0,0.0,0.0,0.0,0.7421875,0.7578125,0.6328125,0.6484375,33.33333333333333,74.9982600463266,74.99502060806367,74.99502060806367,0.0,0.0,0.0,2.02485095447813,99.93582333737886,0.0,0.0,0.0,0.0,0.0,2.0009383549362973,99.78683285429908,0,0.0
0.5078125,0.5078125,0.7578125,0.7421875,0.7734375,0.7734375,0.0,0.0,0.0,0.0,0.0,0.0,0.0,0.0,0.7421875,0.7578125,0.6328125,0.6484375,33.33333333333333,74.99502060806367,74.99502060806367,74.99502060806367,0.0,0.0,0.0,1.9931842428467224,99.93582333737886,0.0,0.0,0.0,0.0,0.0,1.9908252204370456,99.78683285429908,0,0.0
0.5078125,0.5078125,0.7578125,0.7421875,0.7734375,0.7734375,0.0,0.0,0.0,0.0,0.0,0.0,0.0,0.0,0.7421875,0.7578125,0.6328125,0.6484375,33.33333333333333,74.99502060806367,74.9982600463266,74.99502060806367,0.0,0.0,0.0,1.9921601882031903,99.63429595851755,0.0,0.0,0.0,0.0,0.0,2.0255960023890744,99.78683285429908,0,0.0
0.5078125,0.5078125,0.7578125,0.7421875,0.7734375,0.7734375,0.0,0.0,0.0,0.0,0.0,0.0,0.0,0.0,0.7421875,0.7578125,0.6328125,0.6484375,33.33333333333333,74.9982600463266,74.99502060806367,74.99502060806367,0.0,0.0,0.0,1.976898191586532,99.93582333737886,0.0,0.0,0.0,0.0,0.0,2.0009383549362973,99.78683285429908,0,0.0
0.5078125,0.5078125,0.7578125,0.7421875,0.7734375,0.7734375,0.0,0.0,0.0,0.0,0.0,0.0,0.0,0.0,0.7421875,0.7578125,0.6328125,0.6484375,33.33333333333333,74.99502060806367,74.99502060806367,74.99502060806367,0.0,0.0,0.0,2.0294598151685297,99.71653178256878,0.0,0.0,0.0,0.0,0.0,1.997814033722077,99.7425448200502,0,0.0
0.5078125,0.5078125,0.7578125,0.7421875,0.7734375,0.7734375,0.0,0.0,0.0,0.0,0.0,0.0,0.0,0.0,0.7421875,0.7578125,0.6328125,0.6484375,33.33333333333333,74.99502060806367,74.99502060806367,74.99502060806367,0.0,0.0,0.0,2.02485095447813,99.71653178256878,0.0,0.0,0.0,0.0,0.0,2.0009383549362973,99.78683285429908,0,0.0
0.5078125,0.5078125,0.7578125,0.7421875,0.7734375,0.7734375,0.0,0.0,0.0,0.0,0.0,0.0,0.0,0.0,0.7421875,0.7578125,0.6328125,0.6484375,33.33333333333333,74.99502060806367,74.99502060806367,74.99502060806367,0.0,0.0,0.0,2.02485095447813,99.71653178256878,0.0,0.0,0.0,0.0,0.0,1.9917705291876584,99.78683285429908,0,0.0
0.5078125,0.5078125,0.7578125,0.7421875,0.7734375,0.7734375,0.0,0.0,0.0,0.0,0.0,0.0,0.0,0.0,0.7421875,0.7578125,0.6328125,0.6484375,33.33333333333333,74.99502060806367,74.99465687860177,74.99502060806367,0.0,0.0,0.0,1.9921601882031903,99.63429595851755,0.0,0.0,0.0,0.0,0.0,2.0255960023890744,99.78683285429908,0,0.0
0.5078125,0.5078125,0.7578125,0.7421875,0.7734375,0.7734375,0.0,0.0,0.0,0.0,0.0,0.0,0.0,0.0,0.7421875,0.7578125,0.6328125,0.6484375,33.33333333333333,74.99502060806367,74.99502060806367,74.99502060806367,0.0,0.0,0.0,2.02485095447813,99.93582333737886,0.0,0.0,0.0,0.0,0.0,1.9908252204370456,99.78683285429908,0,0.0
0.5078125,0.5078125,0.7578125,0.7421875,0.7734375,0.7734375,0.0,0.0,0.0,0.0,0.0,0.0,0.0,0.0,0.7421875,0.7578125,0.6328125,0.6484375,33.33333333333333,75.06651722033904,75.06651722033904,75.06651722033904,0.0,0.0,0.0,1.9816225782615984,99.93582333737886,0.0,0.0,0.0,0.0,0.0,2.01592277788178,99.78683285429908,0,0.0
0.5078125,0.5078125,0.7578125,0.7421875,0.7734375,0.7734375,0.0,0.0,0.0,0.0,0.0,0.0,0.0,0.0,0.7421875,0.7578125,0.6328125,0.6484375,33.33333333333333,74.93565991739963,74.82119459798528,75.06651722033904,0.0,0.0,0.0,1.9816225782615984,99.93582333737886,0.0,0.0,0.0,0.0,0.0,2.01592277788178,99.78683285429908,0,0.0
0.5078125,0.5078125,0.7578125,0.7421875,0.7734375,0.7734375,0.0,0.0,0.0,0.0,0.0,0.0,0.0,0.0,0.7421875,0.7578125,0.6328125,0.6484375,33.33333333333333,75.06651722033904,75.06651722033904,74.82119459798528,0.0,0.0,0.0,2.0114579518121056,99.93582333737886,0.0,0.0,0.0,0.0,0.0,1.974502216633651,99.584762013737,0,0.0
0.5078125,0.5078125,0.7578125,0.7421875,0.7734375,0.7734375,0.0,0.0,0.0,0.0,0.0,0.0,0.0,0.0,0.7421875,0.7578125,0.6328125,0.6484375,33.33333333333333,75.06651722033904,75.06651722033904,75.06651722033904,0.0,0.0,0.0,1.9798456189943332,99.55160950504616,0.0,0.0,0.0,0.0,0.0,2.01592277788178,99.584762013737,0,0.0
0.5078125,0.5078125,0.7578125,0.7421875,0.7734375,0.7734375,0.0,0.0,0.0,0.0,0.0,0.0,0.0,0.0,0.7421875,0.7578125,0.6328125,0.6484375,33.33333333333333,75.06651722033904,74.82119459798528,75.06651722033904,0.0,0.0,0.0,1.9798456189943332,99.55160950504616,0.0,0.0,0.0,0.0,0.0,1.970175500506838,99.95297590075366,0,0.0
0.5078125,0.5078125,0.7578125,0.7421875,0.7734375,0.7734375,0.0,0.0,0.0,0.0,0.0,0.0,0.0,0.0,0.7421875,0.7578125,0.6328125,0.6484375,33.33333333333333,74.82119459798528,75.06651722033904,75.06651722033904,0.0,0.0,0.0,1.9813179631398183,99.55160950504616,0.0,0.0,0.0,0.0,0.0,2.0074583987495087,99.95297590075366,0,0.0
0.5078125,0.5078125,0.7578125,0.7421875,0.7734375,0.7734375,0.0,0.0,0.0,0.0,0.0,0.0,0.0,0.0,0.7421875,0.7578125,0.6328125,0.6484375,33.33333333333333,75.06651722033904,75.06651722033904,75.06651722033904,0.0,0.0,0.0,1.9798456189943332,99.55160950504616,0.0,0.0,0.0,0.0,0.0,1.972409525499188,99.95297590075366,0,0.0
0.5078125,0.5078125,0.7578125,0.7421875,0.7734375,0.7734375,0.0,0.0,0.0,0.0,0.0,0.0,0.0,0.0,0.7421875,0.7578125,0.6328125,0.6484375,33.33333333333333,75.06651722033904,74.82119459798528,74.82119459798528,0.0,0.0,0.0,1.9816225782615984,99.55160950504616,0.0,0.0,0.0,0.0,0.0,2.01592277788178,99.95297590075366,0,0.0
0.5078125,0.5078125,0.7578125,0.7421875,0.7734375,0.7734375,0.0,0.0,0.0,0.0,0.0,0.0,0.0,0.0,0.7421875,0.7578125,0.6328125,0.6484375,33.33333333333333,74.82119459798528,75.06651722033904,75.06651722033904,0.0,0.0,0.0,1.9798456189943332,99.55160950504616,0.0,0.0,0.0,0.0,0.0,1.972409525499188,99.95297590075366,0,0.0
0.5078125,0.5078125,0.7578125,0.7421875,0.7734375,0.7734375,0.0,0.0,0.0,0.0,0.0,0.0,0.0,0.0,0.7421875,0.7578125,0.6328125,0.6484375,33.33333333333333,75.06651722033904,75.06651722033904,75.06651722033904,0.0,0.0,0.0,1.9816225782615984,99.55160950504616,0.0,0.0,0.0,0.0,0.0,2.01592277788178,99.95297590075366,0,0.0
0.5078125,0.5078125,0.7578125,0.7421875,0.7734375,0.7734375,0.0,0.0,0.0,0.0,0.0,0.0,0.0,0.0,0.7421875,0.7578125,0.6328125,0.6484375,33.33333333333333,75.06651722033904,74.82119459798528,75.06651722033904,0.0,0.0,0.0,1.9798456189943332,99.55160950504616,0.0,0.0,0.0,0.0,0.0,1.970175500506838,99.95297590075366,0,0.0
0.5078125,0.5078125,0.7578125,0.7421875,0.7734375,0.7734375,0.0,0.0,0.0,0.0,0.0,0.0,0.0,0.0,0.7421875,0.7578125,0.6328125,0.6484375,33.33333333333333,74.93565991739963,75.06651722033904,75.06651722033904,0.0,0.0,0.0,1.9816225782615984,99.55160950504616,0.0,0.0,0.0,0.0,0.0,1.972409525499188,99.95297590075366,0,0.0
0.5078125,0.5078125,0.7578125,0.7421875,0.7734375,0.7734375,0.0,0.0,0.0,0.0,0.0,0.0,0.0,0.0,0.7421875,0.7578125,0.6328125,0.6484375,33.33333333333333,75.06651722033904,75.06651722033904,75.06651722033904,0.0,0.0,0.0,1.9680370261752096,99.55160950504616,0.0,0.0,0.0,0.0,0.0,1.970175500506838,99.95297590075366,0,0.0
0.5078125,0.5078125,0.7578125,0.7421875,0.7734375,0.7734375,0.0,0.0,0.0,0.0,0.0,0.0,0.0,0.0,0.7421875,0.7578125,0.6328125,0.6484375,33.33333333333333,75.06651722033904,74.82119459798528,75.06651722033904,0.0,0.0,0.0,1.9816225782615984,99.55160950504616,0.0,0.0,0.0,0.0,0.0,2.01592277788178,99.95297590075366,0,0.0
0.5078125,0.5078125,0.7578125,0.7421875,0.7734375,0.7734375,0.0,0.0,0.0,0.0,0.0,0.0,0.0,0.0,0.7421875,0.7578125,0.6328125,0.6484375,33.33333333333333,75.06651722033904,75.06651722033904,74.93565991739963,0.0,0.0,0.0,1.9798456189943332,99.55160950504616,0.0,0.0,0.0,0.0,0.0,1.972409525499188,99.95297590075366,0,0.0
0.5078125,0.5078125,0.7578125,0.7421875,0.7734375,0.7734375,0.0,0.0,0.0,0.0,0.0,0.0,0.0,0.0,0.7421875,0.7578125,0.6328125,0.6484375,33.33333333333333,74.82119459798528,75.06651722033904,75.06651722033904,0.0,0.0,0.0,1.9798456189943332,99.55160950504616,0.0,0.0,0.0,0.0,0.0,1.970175500506838,99.95297590075366,0,0.0
0.5078125,0.5078125,0.7578125,0.7421875,0.7734375,0.7734375,0.0,0.0,0.0,0.0,0.0,0.0,0.0,0.0,0.7421875,0.7578125,0.6328125,0.6484375,33.33333333333333,75.06651722033904,74.82119459798528,75.06651722033904,0.0,0.0,0.0,1.9798456189943332,99.55160950504616,0.0,0.0,0.0,0.0,0.0,1.972409525499188,99.95297590075366,0,0.0
0.5078125,0.5078125,0.7578125,0.7421875,0.7734375,0.7734375,0.0,0.0,0.0,0.0,0.0,0.0,0.0,0.0,0.7421875,0.7578125,0.6328125,0.6484375,33.33333333333333,75.06651722033904,75.06651722033904,75.06651722033904,0.0,0.0,0.0,1.9816225782615984,99.55160950504616,0.0,0.0,0.0,0.0,0.0,1.974502216633651,99.95297590075366,0,0.0
0.5078125,0.5078125,0.7578125,0.7421875,0.7734375,0.7734375,0.0,0.0,0.0,0.0,0.0,0.0,0.0,0.0,0.7421875,0.7578125,0.6328125,0.6484375,33.33333333333333,75.06651722033904,75.06651722033904,75.06651722033904,0.0,0.0,0.0,1.9798456189943332,99.55160950504616,0.0,0.0,0.0,0.0,0.0,1.972409525499188,99.95297590075366,0,0.0
0.5078125,0.5078125,0.7578125,0.7421875,0.7734375,0.7734375,0.0,0.0,0.0,0.0,0.0,0.0,0.0,0.0,0.7421875,0.7578125,0.6328125,0.6484375,33.33333333333333,74.82119459798528,74.82119459798528,74.82119459798528,0.0,0.0,0.0,1.9816225782615984,99.55160950504616,0.0,0.0,0.0,0.0,0.0,1.972409525499188,99.95297590075366,0,0.0
0.5078125,0.5078125,0.7578125,0.7421875,0.7734375,0.7734375,0.0,0.0,0.0,0.0,0.0,0.0,0.0,0.0,0.7421875,0.7578125,0.6328125,0.6484375,33.33333333333333,74.9302257358858,74.9302257358858,74.9302257358858,0.0,0.0,0.0,2.003658761222765,99.55160950504616,0.0,0.0,0.0,0.0,0.0,1.9918417804928872,99.95297590075366,0,0.0
0.5078125,0.5078125,0.7578125,0.7421875,0.7734375,0.7734375,0.0,0.0,0.0,0.0,0.0,0.0,0.0,0.0,0.7421875,0.7578125,0.6328125,0.6484375,33.33333333333333,74.9302257358858,74.9302257358858,74.9302257358858,0.0,0.0,0.0,2.046213124030476,99.55160950504616,0.0,0.0,0.0,0.0,0.0,1.9624547035426363,99.95297590075366,0,0.0
0.5078125,0.5078125,0.7578125,0.7421875,0.7734375,0.7734375,0.0,0.0,0.0,0.0,0.0,0.0,0.0,0.0,0.7421875,0.7578125,0.6328125,0.6484375,33.33333333333333,74.9302257358858,75.0258193496193,74.9302257358858,0.0,0.0,0.0,2.005199788275561,99.55160950504616,0.0,0.0,0.0,0.0,0.0,2.0342092053284078,99.95297590075366,0,0.0
0.5078125,0.5078125,0.7578125,0.7421875,0.7734375,0.7734375,0.0,0.0,0.0,0.0,0.0,0.0,0.0,0.0,0.7421875,0.7578125,0.6328125,0.6484375,33.33333333333333,74.9302257358858,74.9302257358858,74.9302257358858,0.0,0.0,0.0,2.005199788275561,99.55160950504616,0.0,0.0,0.0,0.0,0.0,2.016399518001455,99.95297590075366,0,0.0
0.5078125,0.5078125,0.7578125,0.7421875,0.7734375,0.7734375,0.0,0.0,0.0,0.0,0.0,0.0,0.0,0.0,0.7421875,0.7578125,0.6328125,0.6484375,33.33333333333333,74.9302257358858,74.9302257358858,74.9302257358858,0.0,0.0,0.0,2.003658761222765,99.55160950504616,0.0,0.0,0.0,0.0,0.0,2.006458685728723,99.95297590075366,0,0.0
0.5078125,0.5078125,0.7578125,0.7421875,0.7734375,0.7734375,0.0,0.0,0.0,0.0,0.0,0.0,0.0,0.0,0.7421875,0.7578125,0.6328125,0.6484375,33.33333333333333,74.9302257358858,74.9302257358858,74.9302257358858,0.0,0.0,0.0,2.0669590984435358,99.55160950504616,0.0,0.0,0.0,0.0,0.0,2.016399518001455,99.95297590075366,0,0.0
0.5078125,0.5078125,0.7578125,0.7421875,0.7734375,0.7734375,0.0,0.0,0.0,0.0,0.0,0.0,0.0,0.0,0.7421875,0.7578125,0.6328125,0.6484375,33.33333333333333,75.0258193496193,74.9302257358858,75.0258193496193,0.0,0.0,0.0,2.013825215835546,99.55160950504616,0.0,0.0,0.0,0.0,0.0,1.9918417804928872,99.95297590075366,0,0.0
0.5078125,0.5078125,0.7578125,0.7421875,0.7734375,0.7734375,0.0,0.0,0.0,0.0,0.0,0.0,0.0,0.0,0.7421875,0.7578125,0.6328125,0.6484375,33.33333333333333,74.9302257358858,74.9302257358858,74.9302257358858,0.0,0.0,0.0,1.965767426021073,99.80920263350303,0.0,0.0,0.0,0.0,0.0,2.006458685728723,99.95297590075366,0,0.0
0.5078125,0.5078125,0.7578125,0.7421875,0.7734375,0.7734375,0.0,0.0,0.0,0.0,0.0,0.0,0.0,0.0,0.7421875,0.7578125,0.6328125,0.6484375,33.33333333333333,74.9302257358858,74.9302257358858,74.9302257358858,0.0,0.0,0.0,2.005199788275561,99.6334314633074,0.0,0.0,0.0,0.0,0.0,1.973424422920954,99.95297590075366,0,0.0
0.5078125,0.5078125,0.7578125,0.7421875,0.7734375,0.7734375,0.0,0.0,0.0,0.0,0.0,0.0,0.0,0.0,0.7421875,0.7578125,0.6328125,0.6484375,33.33333333333333,75.0258193496193,74.9302257358858,74.9302257358858,0.0,0.0,0.0,2.003658761222765,99.6334314633074,0.0,0.0,0.0,0.0,0.0,1.9918417804928872,99.95297590075366,0,0.0
0.5078125,0.5078125,0.7578125,0.7421875,0.7734375,0.7734375,0.0,0.0,0.0,0.0,0.0,0.0,0.0,0.0,0.7421875,0.7578125,0.6328125,0.6484375,33.33333333333333,74.9302257358858,74.9302257358858,74.9302257358858,0.0,0.0,0.0,2.003658761222765,99.80920263350303,0.0,0.0,0.0,0.0,0.0,1.979145858131828,99.75144450377928,0,0.0
0.5078125,0.5078125,0.7578125,0.7421875,0.7734375,0.7734375,0.0,0.0,0.0,0.0,0.0,0.0,0.0,0.0,0.7421875,0.7578125,0.6328125,0.6484375,33.33333333333333,74.9302257358858,74.9302257358858,74.9302257358858,0.0,0.0,0.0,2.005199788275561,99.80920263350303,0.0,0.0,0.0,0.0,0.0,2.016399518001455,99.75144450377928,0,0.0
0.5078125,0.5078125,0.7578125,0.7421875,0.7734375,0.7734375,0.0,0.0,0.0,0.0,0.0,0.0,0.0,0.0,0.7421875,0.7578125,0.6328125,0.6484375,33.33333333333333,75.0258193496193,74.9302257358858,74.9302257358858,0.0,0.0,0.0,2.013825215835546,99.80920263350303,0.0,0.0,0.0,0.0,0.0,1.990801479239916,99.75144450377928,0,0.0
0.5078125,0.5078125,0.7578125,0.7734375,0.7734375,0.7734375,0.0,0.0,0.0,0.0,0.0,0.0,0.0,0.0,0.7421875,0.7578125,0.6328125,0.6484375,33.33333333333333,74.9302257358858,74.9302257358858,75.0258193496193,0.0,0.0,0.0,2.005199788275561,99.6334314633074,0.0,0.0,0.0,0.0,0.0,2.016399518001455,99.75144450377928,0,0.0
0.5078125,0.5078125,0.7578125,0.7734375,0.7734375,0.7734375,0.0,0.0,0.0,0.0,0.0,0.0,0.0,0.0,0.7421875,0.7578125,0.6328125,0.6484375,33.33333333333333,74.9302257358858,74.9302257358858,74.9302257358858,0.0,0.0,0.0,2.013825215835546,99.6334314633074,0.0,0.0,0.0,0.0,0.0,1.9918417804928872,99.75144450377928,0,0.0
0.5078125,0.5078125,0.7578125,0.7734375,0.7734375,0.7734375,0.0,0.0,0.0,0.0,0.0,0.0,0.0,0.0,0.7421875,0.7578125,0.6328125,0.6484375,33.33333333333333,75.03270377072874,74.9302257358858,74.9302257358858,0.0,0.0,0.0,1.9789297784497792,99.93785274302138,0.0,0.0,0.0,0.0,0.0,2.012700807572877,99.75144450377928,0,0.0
0.5078125,0.5078125,0.7578125,0.7734375,0.7734375,0.7734375,0.0,0.0,0.0,0.0,0.0,0.0,0.0,0.0,0.7421875,0.7578125,0.6328125,0.6484375,33.33333333333333,74.9302257358858,74.9302257358858,74.9302257358858,0.0,0.0,0.0,1.965767426021073,99.80920263350303,0.0,0.0,0.0,0.0,0.0,2.006458685728723,99.75144450377928,0,0.0
0.5078125,0.5078125,0.7578125,0.7734375,0.7734375,0.7734375,0.0,0.0,0.0,0.0,0.0,0.0,0.0,0.0,0.7421875,0.7578125,0.6328125,0.6484375,33.33333333333333,74.9302257358858,74.9302257358858,75.0258193496193,0.0,0.0,0.0,2.003658761222765,99.80920263350303,0.0,0.0,0.0,0.0,0.0,1.979145858131828,99.75144450377928,0,0.0
0.5078125,0.5078125,0.7578125,0.7734375,0.7734375,0.7734375,0.0,0.0,0.0,0.0,0.0,0.0,0.0,0.0,0.7421875,0.7578125,0.6328125,0.6484375,33.33333333333333,75.0258193496193,74.9302257358858,74.9302257358858,0.0,0.0,0.0,2.0669590984435358,99.6334314633074,0.0,0.0,0.0,0.0,0.0,2.016399518001455,99.75144450377928,0,0.0
0.5078125,0.5078125,0.7578125,0.7734375,0.7734375,0.7734375,0.0,0.0,0.0,0.0,0.0,0.0,0.0,0.0,0.7421875,0.7578125,0.6328125,0.6484375,33.33333333333333,74.9302257358858,74.9302257358858,74.9302257358858,0.0,0.0,0.0,2.013825215835546,99.6334314633074,0.0,0.0,0.0,0.0,0.0,1.9624547035426363,99.75144450377928,0,0.0
0.5078125,0.5078125,0.7578125,0.7734375,0.7734375,0.7734375,0.0,0.0,0.0,0.0,0.0,0.0,0.0,0.0,0.7421875,0.7578125,0.6328125,0.6484375,33.33333333333333,75.0457720264853,75.0457720264853,75.05345663917707,0.0,0.0,0.0,1.991250149250518,99.6334314633074,0.0,0.0,0.0,0.0,0.0,2.0096123670616763,99.75144450377928,0,0.0
0.5078125,0.5078125,0.7578125,0.7734375,0.7734375,0.7734375,0.0,0.0,0.0,0.0,0.0,0.0,0.0,0.0,0.7421875,0.7578125,0.6328125,0.6484375,33.33333333333333,75.0457720264853,75.0457720264853,75.0457720264853,0.0,0.0,0.0,1.999193138684591,99.6334314633074,0.0,0.0,0.0,0.0,0.0,1.9875814465082176,99.67138101082688,0,0.0
0.5078125,0.5078125,0.7578125,0.7734375,0.7734375,0.7734375,0.0,0.0,0.0,0.0,0.0,0.0,0.0,0.0,0.7421875,0.7578125,0.6328125,0.6484375,33.33333333333333,75.0457720264853,75.0457720264853,75.04335801198775,0.0,0.0,0.0,2.0054794772195046,99.6087786588983,0.0,0.0,0.0,0.0,0.0,1.9875814465082176,99.67138101082688,0,0.0
0.5078125,0.5078125,0.7578125,0.7734375,0.7734375,0.7734375,0.0,0.0,0.0,0.0,0.0,0.0,0.0,0.0,0.7421875,0.7578125,0.6328125,0.6484375,33.33333333333333,75.04335801198775,75.04335801198775,75.0457720264853,0.0,0.0,0.0,1.9979081077976717,99.6087786588983,0.0,0.0,0.0,0.0,0.0,1.961137827392769,99.67138101082688,0,0.0
0.5078125,0.5078125,0.7578125,0.7734375,0.7734375,0.7734375,0.0,0.0,0.0,0.0,0.0,0.0,0.0,0.0,0.7421875,0.7578125,0.6328125,0.6484375,33.33333333333333,75.0457720264853,75.0457720264853,75.0457720264853,0.0,0.0,0.0,1.9979081077976717,99.6087786588983,0.0,0.0,0.0,0.0,0.0,2.016455936544473,99.67138101082688,0,0.0
0.5078125,0.5078125,0.7578125,0.7734375,0.7734375,0.7734375,0.0,0.0,0.0,0.0,0.0,0.0,0.0,0.0,0.7421875,0.7578125,0.6328125,0.6484375,33.33333333333333,75.0457720264853,75.0457720264853,75.0457720264853,0.0,0.0,0.0,1.9790695806205745,99.6087786588983,0.0,0.0,0.0,0.0,0.0,2.0407086011320428,99.67138101082688,0,0.0
0.5078125,0.5078125,0.7578125,0.7734375,0.7734375,0.7734375,0.0,0.0,0.0,0.0,0.0,0.0,0.0,0.0,0.7421875,0.7578125,0.6328125,0.6484375,33.33333333333333,75.0457720264853,75.0457720264853,75.0457720264853,0.0,0.0,0.0,2.0054794772195046,99.6087786588983,0.0,0.0,0.0,0.0,0.0,2.0140771922829344,99.67138101082688,0,0.0
0.5078125,0.5078125,0.7578125,0.7734375,0.7734375,0.7734375,0.0,0.0,0.0,0.0,0.0,0.0,0.0,0.0,0.7421875,0.7578125,0.6328125,0.6484375,33.33333333333333,75.0457720264853,75.0457720264853,75.05345663917707,0.0,0.0,0.0,2.0054794772195046,99.6087786588983,0.0,0.0,0.0,0.0,0.0,1.9875814465082176,99.67138101082688,0,0.0
0.5078125,0.5078125,0.7578125,0.7734375,0.7734375,0.7734375,0.0,0.0,0.0,0.0,0.0,0.0,0.0,0.0,0.7421875,0.7578125,0.6328125,0.6484375,33.33333333333333,75.04335801198775,75.05345663917707,75.0457720264853,0.0,0.0,0.0,1.999193138684591,99.6087786588983,0.0,0.0,0.0,0.0,0.0,2.0209395735420017,99.67138101082688,0,0.0
0.5078125,0.5078125,0.7578125,0.7734375,0.7734375,0.7734375,0.0,0.0,0.0,0.0,0.0,0.0,0.0,0.0,0.7421875,0.7578125,0.6328125,0.6484375,33.33333333333333,75.0457720264853,75.0457720264853,75.05345663917707,0.0,0.0,0.0,2.0054794772195046,99.6087786588983,0.0,0.0,0.0,0.0,0.0,1.9875814465082176,99.67138101082688,0,0.0
0.5078125,0.5078125,0.7578125,0.7734375,0.7734375,0.7734375,0.0,0.0,0.0,0.0,0.0,0.0,0.0,0.0,0.7421875,0.7578125,0.6328125,0.6484375,33.33333333333333,75.0457720264853,75.0457720264853,75.0457720264853,0.0,0.0,0.0,1.999193138684591,99.6087786588983,0.0,0.0,0.0,0.0,0.0,1.9875814465082176,99.67138101082688,0,0.0
0.5078125,0.5078125,0.7578125,0.7734375,0.7734375,0.7734375,0.0,0.0,0.0,0.0,0.0,0.0,0.0,0.0,0.7421875,0.7578125,0.6328125,0.6484375,33.33333333333333,75.0457720264853,75.0457720264853,75.0457720264853,0.0,0.0,0.0,1.9825867575850549,99.72639147194847,0.0,0.0,0.0,0.0,0.0,1.9943392836977945,99.67138101082688,0,0.0
0.5078125,0.5078125,0.7578125,0.7734375,0.7734375,0.7734375,0.0,0.0,0.0,0.0,0.0,0.0,0.0,0.0,0.7421875,0.7578125,0.6328125,0.6484375,33.33333333333333,75.0457720264853,75.0457720264853,75.0457720264853,0.0,0.0,0.0,1.993030271210949,99.72639147194847,0.0,0.0,0.0,0.0,0.0,1.9875814465082176,99.67138101082688,0,0.0
0.5078125,0.5078125,0.7578125,0.7734375,0.7734375,0.7734375,0.0,0.0,0.0,0.0,0.0,0.0,0.0,0.0,0.7421875,0.7578125,0.6328125,0.6484375,33.33333333333333,75.05345663917707,75.04335801198775,75.0457720264853,0.0,0.0,0.0,1.983778428436747,99.72639147194847,0.0,0.0,0.0,0.0,0.0,1.993535634099585,99.67138101082688,0,0.0
0.5078125,0.5078125,0.7578125,0.7734375,0.7734375,0.7734375,0.0,0.0,0.0,0.0,0.0,0.0,0.0,0.0,0.7421875,0.7578125,0.6328125,0.6484375,33.33333333333333,75.0457720264853,75.0457720264853,75.0457720264853,0.0,0.0,0.0,2.0054794772195046,99.72639147194847,0.0,0.0,0.0,0.0,0.0,1.98777484896088,99.67138101082688,0,0.0
0.5078125,0.5078125,0.7578125,0.7734375,0.7734375,0.7734375,0.0,0.0,0.0,0.0,0.0,0.0,0.0,0.0,0.7421875,0.7578125,0.6328125,0.6484375,33.33333333333333,75.0457720264853,75.0457720264853,75.0457720264853,0.0,0.0,0.0,1.991250149250518,99.72639147194847,0.0,0.0,0.0,0.0,0.0,2.016455936544473,99.67138101082688,0,0.0
0.4921875,0.515625,0.7578125,0.7734375,0.7734375,0.7734375,0.0,0.0,0.0,0.0,0.0,0.0,0.0,0.0,0.7421875,0.7578125,0.6328125,0.6484375,33.33333333333333,75.0457720264853,75.0457720264853,75.05345663917707,0.0,0.0,0.0,2.0054794772195046,99.6087786588983,0.0,0.0,0.0,0.0,0.0,2.0140771922829344,99.67138101082688,0,0.0
0.4921875,0.515625,0.7578125,0.7734375,0.7734375,0.7734375,0.0,0.0,0.0,0.0,0.0,0.0,0.0,0.0,0.7421875,0.7578125,0.6328125,0.6484375,33.33333333333333,75.0457720264853,75.0457720264853,75.0457720264853,0.0,0.0,0.0,2.0054794772195046,99.6087786588983,0.0,0.0,0.0,0.0,0.0,2.0140771922829344,99.67138101082688,0,0.0
0.4921875,0.515625,0.7578125,0.7734375,0.7734375,0.7734375,0.0,0.0,0.0,0.0,0.0,0.0,0.0,0.0,0.7421875,0.7578125,0.6328125,0.6484375,33.33333333333333,75.0457720264853,75.04335801198775,75.04335801198775,0.0,0.0,0.0,1.999193138684591,99.6087786588983,0.0,0.0,0.0,0.0,0.0,1.961137827392769,99.82410893425156,0,0.0
0.4921875,0.515625,0.7578125,0.7734375,0.7734375,0.7734375,0.0,0.0,0.0,0.0,0.0,0.0,0.0,0.0,0.7421875,0.7578125,0.6328125,0.6484375,33.33333333333333,75.0457720264853,75.0457720264853,75.0457720264853,0.0,0.0,0.0,1.983778428436747,99.6087786588983,0.0,0.0,0.0,0.0,0.0,2.0140771922829344,99.82410893425156,0,0.0
0.4921875,0.515625,0.7578125,0.7734375,0.7734375,0.7734375,0.0,0.0,0.0,0.0,0.0,0.0,0.0,0.0,0.7421875,0.7578125,0.6328125,0.6484375,33.33333333333333,74.8257105905977,74.8257105905977,74.8257105905977,0.0,0.0,0.0,1.9826627145093048,99.63843622921586,0.0,0.0,0.0,0.0,0.0,1.9977382236497991,99.64233637869263,0,0.0
0.4921875,0.515625,0.7578125,0.7734375,0.7734375,0.7734375,0.0,0.0,0.0,0.0,0.0,0.0,0.0,0.0,0.7421875,0.7578125,0.6328125,0.6484375,33.33333333333333,74.8257105905977,74.8257105905977,74.8257105905977,0.0,0.0,0.0,2.011643214215389,99.60937322221956,0.0,0.0,0.0,0.0,0.0,2.00353537375,99.80618004614082,0,0.0
0.4921875,0.515625,0.7578125,0.7734375,0.7734375,0.7734375,0.0,0.0,0.0,0.0,0.0,0.0,0.0,0.0,0.7421875,0.7578125,0.6328125,0.6484375,33.33333333333333,74.92358057872949,74.8257105905977,74.8257105905977,0.0,0.0,0.0,1.9826627145093048,99.72896287294526,0.0,0.0,0.0,0.0,0.0,1.9977382236497991,99.64233637869263,0,0.0
0.4921875,0.515625,0.7578125,0.7734375,0.7734375,0.7734375,0.0,0.0,0.0,0.0,0.0,0.0,0.0,0.0,0.7421875,0.7578125,0.6328125,0.6484375,33.33333333333333,74.8257105905977,74.8257105905977,74.8257105905977,0.0,0.0,0.0,1.9826627145093048,99.72896287294526,0.0,0.0,0.0,0.0,0.0,1.9977382236497991,99.64233637869263,0,0.0
0.4921875,0.515625,0.7578125,0.7734375,0.7734375,0.7734375,0.0,0.0,0.0,0.0,0.0,0.0,0.0,0.0,0.7421875,0.7578125,0.6328125,0.6484375,33.33333333333333,74.8257105905977,74.8257105905977,74.92358057872949,0.0,0.0,0.0,1.9826627145093048,99.72896287294526,0.0,0.0,0.0,0.0,0.0,1.9988371399654616,99.64233637869263,0,0.0
0.4921875,0.515625,0.7578125,0.7734375,0.7734375,0.7734375,0.0,0.0,0.0,0.0,0.0,0.0,0.0,0.0,0.7421875,0.7578125,0.6328125,0.6484375,33.33333333333333,74.8257105905977,74.8257105905977,74.8257105905977,0.0,0.0,0.0,1.9866075896105495,99.72896287294526,0.0,0.0,0.0,0.0,0.0,2.044053949338199,99.8597750446013,0,0.0
0.4921875,0.515625,0.7578125,0.7734375,0.7734375,0.7734375,0.0,0.0,0.0,0.0,0.0,0.0,0.0,0.0,0.7421875,0.7578125,0.6328125,0.6484375,33.33333333333333,74.94747450988139,74.92358057872949,74.8257105905977,0.0,0.0,0.0,2.013739704853816,99.5250195723203,0.0,0.0,0.0,0.0,0.0,2.0307596849662493,99.80618004614082,0,0.0
0.4921875,0.515625,0.7578125,0.7734375,0.7734375,0.7734375,0.0,0.0,0.0,0.0,0.0,0.0,0.0,0.0,0.7421875,0.7578125,0.6328125,0.6484375,33.33333333333333,74.92358057872949,74.8257105905977,74.8257105905977,0.0,0.0,0.0,1.9826627145093048,99.8959167610624,0.0,0.0,0.0,0.0,0.0,1.9988371399654616,99.64233637869263,0,0.0
0.4921875,0.515625,0.7578125,0.7734375,0.7734375,0.7734375,0.0,0.0,0.0,0.0,0.0,0.0,0.0,0.0,0.7421875,0.7578125,0.6328125,0.6484375,33.33333333333333,74.8257105905977,74.8257105905977,74.92358057872949,0.0,0.0,0.0,1.9866075896105495,99.91929459909372,0.0,0.0,0.0,0.0,0.0,1.9977382236497991,99.64233637869263,0,0.0
0.4921875,0.515625,0.7578125,0.7734375,0.7734375,0.7734375,0.0,0.0,0.0,0.0,0.0,0.0,0.0,0.0,0.7421875,0.7578125,0.6328125,0.6484375,33.33333333333333,74.8257105905977,74.8257105905977,74.8257105905977,0.0,0.0,0.0,2.001720605143699,99.8959167610624,0.0,0.0,0.0,0.0,0.0,1.9977382236497991,99.64233637869263,0,0.0
0.4921875,0.515625,0.7578125,0.7734375,0.7734375,0.7734375,0.0,0.0,0.0,0.0,0.0,0.0,0.0,0.0,0.7421875,0.7578125,0.6328125,0.6484375,33.33333333333333,74.8257105905977,74.8257105905977,74.8257105905977,0.0,0.0,0.0,1.9826627145093048,99.72896287294526,0.0,0.0,0.0,0.0,0.0,2.0169575931617403,99.64233637869263,0,0.0
0.4921875,0.515625,0.7578125,0.7734375,0.7734375,0.7734375,0.0,0.0,0.0,0.0,0.0,0.0,0.0,0.0,0.7421875,0.7578125,0.6328125,0.6484375,33.33333333333333,74.92358057872949,74.92358057872949,74.8257105905977,0.0,0.0,0.0,1.9866075896105495,99.72896287294526,0.0,0.0,0.0,0.0,0.0,2.0007984111191486,99.64233637869263,0,0.0
0.4921875,0.515625,0.7578125,0.7734375,0.7734375,0.7734375,0.0,0.0,0.0,0.0,0.0,0.0,0.0,0.0,0.7421875,0.7578125,0.6328125,0.6484375,33.33333333333333,74.8257105905977,74.8257105905977,74.92358057872949,0.0,0.0,0.0,1.9826627145093048,99.72896287294526,0.0,0.0,0.0,0.0,0.0,2.0007984111191486,99.64233637869263,0,0.0
0.4921875,0.515625,0.7578125,0.7734375,0.7734375,0.7734375,0.0,0.0,0.0,0.0,0.0,0.0,0.0,0.0,0.7421875,0.7578125,0.6328125,0.6484375,33.33333333333333,74.8257105905977,74.8257105905977,74.8257105905977,0.0,0.0,0.0,1.9826627145093048,99.72896287294526,0.0,0.0,0.0,0.0,0.0,1.9977382236497991,99.64233637869263,0,0.0
0.4921875,0.515625,0.7578125,0.7734375,0.7734375,0.7734375,0.0,0.0,0.0,0.0,0.0,0.0,0.0,0.0,0.7421875,0.7578125,0.6328125,0.6484375,33.33333333333333,74.8257105905977,74.8257105905977,74.8257105905977,0.0,0.0,0.0,1.9826627145093048,99.72896287294526,0.0,0.0,0.0,0.0,0.0,2.0007984111191486,99.64233637869263,0,0.0
0.4921875,0.515625,0.7578125,0.7734375,0.7734375,0.7734375,0.0,0.0,0.0,0.0,0.0,0.0,0.0,0.0,0.7421875,0.7578125,0.6328125,0.6484375,33.33333333333333,74.94747450988139,74.8257105905977,74.8257105905977,0.0,0.0,0.0,2.003813236381617,99.72896287294526,0.0,0.0,0.0,0.0,0.0,2.000211168230301,99.64233637869263,0,0.0
0.4921875,0.515625,0.7578125,0.7734375,0.7734375,0.7734375,0.0,0.0,0.0,0.0,0.0,0.0,0.0,0.0,0.7421875,0.7578125,0.6328125,0.6484375,33.33333333333333,74.8257105905977,74.92358057872949,74.92358057872949,0.0,0.0,0.0,1.9826627145093048,99.8959167610624,0.0,0.0,0.0,0.0,0.0,1.9977382236497991,99.64233637869263,0,0.0
0.4921875,0.515625,0.7578125,0.7734375,0.7734375,0.7734375,0.0,0.0,0.0,0.0,0.0,0.0,0.0,0.0,0.7578125,0.7578125,0.6328125,0.6171875,33.33333333333333,74.8257105905977,74.8257105905977,74.8257105905977,0.0,0.0,0.0,1.9866075896105495,99.91929459909372,0.0,0.0,0.0,0.0,0.0,2.005155883816421,99.64233637869263,0,0.0
0.4921875,0.515625,0.7578125,0.7734375,0.7734375,0.7734375,0.0,0.0,0.0,0.0,0.0,0.0,0.0,0.0,0.7578125,0.7578125,0.6328125,0.6171875,33.33333333333333,74.8257105905977,74.8257105905977,74.8257105905977,0.0,0.0,0.0,2.001720605143699,99.8959167610624,0.0,0.0,0.0,0.0,0.0,2.030272699496715,99.64233637869263,0,0.0
0.4921875,0.515625,0.7578125,0.7734375,0.7734375,0.7734375,0.0,0.0,0.0,0.0,0.0,0.0,0.0,0.0,0.7578125,0.7578125,0.6328125,0.6171875,33.33333333333333,74.8257105905977,74.8257105905977,74.8257105905977,0.0,0.0,0.0,1.9826627145093048,99.72896287294526,0.0,0.0,0.0,0.0,0.0,2.0007984111191486,99.64233637869263,0,0.0
0.4921875,0.515625,0.7578125,0.7734375,0.7734375,0.7734375,0.0,0.0,0.0,0.0,0.0,0.0,0.0,0.0,0.7578125,0.7578125,0.6328125,0.6171875,33.33333333333333,74.89934693014129,74.89934693014129,74.98823898776303,0.0,0.0,0.0,2.021071688605488,99.72896287294526,0.0,0.0,0.0,0.0,0.0,1.985730208681188,99.64233637869263,0,0.0
0.4921875,0.515625,0.7578125,0.7734375,0.7734375,0.7734375,0.0,0.0,0.0,0.0,0.0,0.0,0.0,0.0,0.7578125,0.7578125,0.6328125,0.6171875,33.33333333333333,75.11607348519543,75.11607348519543,75.11607348519543,0.0,0.0,0.0,2.010727769424219,99.72896287294526,0.0,0.0,0.0,0.0,0.0,1.981743174549548,99.64233637869263,0,0.0
0.4921875,0.515625,0.7578125,0.7734375,0.7734375,0.7734375,0.0,0.0,0.0,0.0,0.0,0.0,0.0,0.0,0.7578125,0.7578125,0.6328125,0.6171875,33.33333333333333,75.11607348519543,75.11607348519543,75.11607348519543,0.0,0.0,0.0,2.010727769424219,99.72896287294526,0.0,0.0,0.0,0.0,0.0,1.9493317577440703,99.64233637869263,0,0.0
0.4921875,0.515625,0.7578125,0.7734375,0.7734375,0.7734375,0.0,0.0,0.0,0.0,0.0,0.0,0.0,0.0,0.7578125,0.7578125,0.6328125,0.6171875,33.33333333333333,75.11607348519543,75.11607348519543,75.11607348519543,0.0,0.0,0.0,2.010727769424219,99.72896287294526,0.0,0.0,0.0,0.0,0.0,2.0163278339350863,99.64233637869263,0,0.0
0.4921875,0.515625,0.7578125,0.7734375,0.7734375,0.7734375,0.0,0.0,0.0,0.0,0.0,0.0,0.0,0.0,0.7578125,0.7578125,0.6328125,0.6171875,33.33333333333333,74.89934693014129,74.89934693014129,74.89934693014129,0.0,0.0,0.0,2.0003952418515643,99.72896287294526,0.0,0.0,0.0,0.0,0.0,1.981743174549548,99.64233637869263,0,0.0
0.4921875,0.515625,0.7578125,0.7734375,0.7734375,0.7734375,0.0,0.0,0.0,0.0,0.0,0.0,0.0,0.0,0.7578125,0.7578125,0.6328125,0.6171875,33.33333333333333,75.11607348519543,75.11607348519543,75.11607348519543,0.0,0.0,0.0,2.021071688605488,99.72896287294526,0.0,0.0,0.0,0.0,0.0,1.9938449493739752,99.64233637869263,0,0.0
0.4921875,0.515625,0.7578125,0.7734375,0.7734375,0.7734375,0.0,0.0,0.0,0.0,0.0,0.0,0.0,0.0,0.7578125,0.7578125,0.6328125,0.6171875,33.33333333333333,75.11607348519543,75.11607348519543,75.11607348519543,0.0,0.0,0.0,2.0332208528288187,99.72896287294526,0.0,0.0,0.0,0.0,0.0,1.981743174549548,99.64233637869263,0,0.0
0.4921875,0.515625,0.7578125,0.7734375,0.7734375,0.7734375,0.0,0.0,0.0,0.0,0.0,0.0,0.0,0.0,0.7578125,0.7578125,0.6328125,0.6171875,33.33333333333333,75.11607348519543,75.11607348519543,75.11607348519543,0.0,0.0,0.0,1.9889783364365297,99.72896287294526,0.0,0.0,0.0,0.0,0.0,2.0262036278903834,99.64233637869263,0,0.0
0.4921875,0.515625,0.7578125,0.7734375,0.7734375,0.7734375,0.0,0.0,0.0,0.0,0.0,0.0,0.0,0.0,0.7578125,0.7578125,0.6328125,0.6171875,33.33333333333333,75.11607348519543,74.89934693014129,74.89934693014129,0.0,0.0,0.0,2.021071688605488,99.72896287294526,0.0,0.0,0.0,0.0,0.0,1.985730208681188,99.64233637869263,0,0.0
0.4921875,0.515625,0.7578125,0.7734375,0.7734375,0.7734375,0.0,0.0,0.0,0.0,0.0,0.0,0.0,0.0,0.7578125,0.7578125,0.6328125,0.6171875,33.33333333333333,75.11607348519543,75.11607348519543,75.11607348519543,0.0,0.0,0.0,2.021071688605488,99.72896287294526,0.0,0.0,0.0,0.0,0.0,1.9493317577440703,99.64233637869263,0,0.0
0.4921875,0.515625,0.7578125,0.7734375,0.7734375,0.7734375,0.0,0.0,0.0,0.0,0.0,0.0,0.0,0.0,0.7578125,0.7578125,0.6328125,0.6171875,33.33333333333333,75.11607348519543,75.11607348519543,75.11607348519543,0.0,0.0,0.0,2.000080401350376,99.72896287294526,0.0,0.0,0.0,0.0,0.0,1.989716213549404,99.54672179975933,0,0.0
0.4921875,0.515625,0.7578125,0.7734375,0.7734375,0.7734375,0.0,0.0,0.0,0.0,0.0,0.0,0.0,0.0,0.7578125,0.7578125,0.6328125,0.6171875,33.33333333333333,74.89934693014129,75.11607348519543,74.98823898776303,0.0,0.0,0.0,2.010727769424219,99.72896287294526,0.0,0.0,0.0,0.0,0.0,1.9891740565234264,99.54672179975933,0,0.0
0.4921875,0.515625,0.7578125,0.7734375,0.7734375,0.7734375,0.0,0.0,0.0,0.0,0.0,0.0,0.0,0.0,0.7578125,0.7578125,0.6328125,0.6171875,33.33333333333333,75.11607348519543,74.89934693014129,75.11607348519543,0.0,0.0,0.0,2.010727769424219,99.72896287294526,0.0,0.0,0.0,0.0,0.0,2.0163278339350863,99.54672179975933,0,0.0
0.4921875,0.515625,0.7578125,0.7734375,0.7734375,0.7734375,0.0,0.0,0.0,0.0,0.0,0.0,0.0,0.0,0.7578125,0.7578125,0.6328125,0.6171875,33.33333333333333,75.11607348519543,75.11607348519543,75.11607348519543,0.0,0.0,0.0,2.010727769424219,99.72896287294526,0.0,0.0,0.0,0.0,0.0,2.0163278339350863,99.54672179975933,0,0.0
0.4921875,0.515625,0.7578125,0.7734375,0.7734375,0.7734375,0.0,0.0,0.0,0.0,0.0,0.0,0.0,0.0,0.7578125,0.7578125,0.6328125,0.6171875,33.33333333333333,75.11607348519543,75.11607348519543,75.11607348519543,0.0,0.0,0.0,2.0332208528288187,99.5329604483162,0.0,0.0,0.0,0.0,0.0,1.9938449493739752,99.54672179975933,0,0.0
0.4921875,0.515625,0.7578125,0.7734375,0.7734375,0.7734375,0.0,0.0,0.0,0.0,0.0,0.0,0.0,0.0,0.7578125,0.7578125,0.6328125,0.6171875,33.33333333333333,75.11607348519543,75.11607348519543,74.98823898776303,0.0,0.0,0.0,2.0318477194473354,99.5329604483162,0.0,0.0,0.0,0.0,0.0,2.0163278339350863,99.54672179975933,0,0.0
0.5078125,0.5078125,0.7578125,0.7734375,0.7734375,0.7734375,0.0,0.0,0.0,0.0,0.0,0.0,0.0,0.0,0.7578125,0.7578125,0.6328125,0.6171875,33.33333333333333,75.11607348519543,74.89934693014129,75.11607348519543,0.0,0.0,0.0,2.010727769424219,99.5329604483162,0.0,0.0,0.0,0.0,0.0,1.9938449493739752,99.54672179975933,0,0.0
0.5078125,0.5078125,0.7578125,0.7734375,0.7734375,0.7734375,0.0,0.0,0.0,0.0,0.0,0.0,0.0,0.0,0.7578125,0.7578125,0.6328125,0.6171875,33.33333333333333,75.11607348519543,75.11607348519543,75.11607348519543,0.0,0.0,0.0,2.021071688605488,99.5329604483162,0.0,0.0,0.0,0.0,0.0,2.034439336197352,99.54672179975933,0,0.0
0.5078125,0.5078125,0.7578125,0.7734375,0.7734375,0.7734375,0.0,0.0,0.0,0.0,0.0,0.0,0.0,0.0,0.7578125,0.7578125,0.6328125,0.6171875,33.33333333333333,75.11607348519543,75.11607348519543,75.11607348519543,0.0,0.0,0.0,2.021071688605488,99.5329604483162,0.0,0.0,0.0,0.0,0.0,1.9938449493739752,99.54672179975933,0,0.0
0.5078125,0.5078125,0.7578125,0.7734375,0.7734375,0.7734375,0.0,0.0,0.0,0.0,0.0,0.0,0.0,0.0,0.7578125,0.7578125,0.6328125,0.6171875,33.33333333333333,75.11607348519543,75.11607348519543,74.89934693014129,0.0,0.0,0.0,2.021071688605488,99.5329604483162,0.0,0.0,0.0,0.0,0.0,2.0163278339350863,99.54672179975933,0,0.0
0.5078125,0.5078125,0.7578125,0.7734375,0.7734375,0.7734375,0.0,0.0,0.0,0.0,0.0,0.0,0.0,0.0,0.7578125,0.7578125,0.6328125,0.6171875,33.33333333333333,75.0348189354691,75.0348189354691,74.94181121522367,0.0,0.0,0.0,1.9945688012501877,99.58735401039104,0.0,0.0,0.0,0.0,0.0,2.0191400474489773,99.54672179975933,0,0.0
0.5078125,0.5078125,0.7578125,0.7734375,0.7734375,0.7734375,0.0,0.0,0.0,0.0,0.0,0.0,0.0,0.0,0.7578125,0.7578125,0.6328125,0.6171875,33.33333333333333,74.94181121522367,74.94181121522367,74.94181121522367,0.0,0.0,0.0,1.976462712953165,99.60376084512244,0.0,0.0,0.0,0.0,0.0,2.0428144809231097,99.9282511120668,0,0.0
0.5078125,0.5078125,0.7578125,0.7734375,0.7734375,0.7734375,0.0,0.0,0.0,0.0,0.0,0.0,0.0,0.0,0.7578125,0.7578125,0.6328125,0.6171875,33.33333333333333,74.94181121522367,74.94181121522367,75.065128441717,0.0,0.0,0.0,1.976462712953165,99.60376084512244,0.0,0.0,0.0,0.0,0.0,2.0664443448653422,99.5321968061264,0,0.0
0.5078125,0.5078125,0.7578125,0.7734375,0.7734375,0.7734375,0.0,0.0,0.0,0.0,0.0,0.0,0.0,0.0,0.7578125,0.7578125,0.6328125,0.6171875,33.33333333333333,74.94181121522367,74.94181121522367,74.94181121522367,0.0,0.0,0.0,2.01762183026938,99.60376084512244,0.0,0.0,0.0,0.0,0.0,2.004938054321502,99.9282511120668,0,0.0
0.5078125,0.5078125,0.7578125,0.7734375,0.7734375,0.7734375,0.0,0.0,0.0,0.0,0.0,0.0,0.0,0.0,0.7578125,0.7578125,0.6328125,0.6171875,33.33333333333333,75.0348189354691,75.0348189354691,74.94181121522367,0.0,0.0,0.0,2.0090154126641373,99.60376084512244,0.0,0.0,0.0,0.0,0.0,2.017303002611629,99.528399534376,0,0.0
0.5078125,0.5078125,0.7578125,0.7734375,0.7734375,0.7734375,0.0,0.0,0.0,0.0,0.0,0.0,0.0,0.0,0.7578125,0.7578125,0.6328125,0.6171875,33.33333333333333,74.94181121522367,74.94181121522367,75.065128441717,0.0,0.0,0.0,1.976462712953165,99.60376084512244,0.0,0.0,0.0,0.0,0.0,2.005845155636602,99.528399534376,0,0.0
0.5078125,0.5078125,0.7578125,0.7734375,0.7734375,0.7734375,0.0,0.0,0.0,0.0,0.0,0.0,0.0,0.0,0.7578125,0.7578125,0.6328125,0.6171875,33.33333333333333,74.94181121522367,74.94181121522367,74.94181121522367,0.0,0.0,0.0,2.00691223748349,99.60376084512244,0.0,0.0,0.0,0.0,0.0,2.0050808443659083,99.528399534376,0,0.0
0.5078125,0.5078125,0.7578125,0.7734375,0.7734375,0.7734375,0.0,0.0,0.0,0.0,0.0,0.0,0.0,0.0,0.7578125,0.7578125,0.6328125,0.6171875,33.33333333333333,74.94181121522367,74.94181121522367,74.94181121522367,0.0,0.0,0.0,2.01762183026938,99.60376084512244,0.0,0.0,0.0,0.0,0.0,2.0428144809231097,99.9282511120668,0,0.0
0.5078125,0.5078125,0.7578125,0.7734375,0.7734375,0.7734375,0.0,0.0,0.0,0.0,0.0,0.0,0.0,0.0,0.7578125,0.7578125,0.6328125,0.6171875,33.33333333333333,74.94181121522367,74.94181121522367,74.94181121522367,0.0,0.0,0.0,1.976462712953165,99.60376084512244,0.0,0.0,0.0,0.0,0.0,2.005845155636602,99.9282511120668,0,0.0
0.5078125,0.5078125,0.7578125,0.7734375,0.7734375,0.7734375,0.0,0.0,0.0,0.0,0.0,0.0,0.0,0.0,0.7578125,0.7578125,0.6328125,0.6171875,33.33333333333333,74.94181121522367,74.94181121522367,74.94181121522367,0.0,0.0,0.0,1.976462712953165,99.60376084512244,0.0,0.0,0.0,0.0,0.0,2.005845155636602,99.9282511120668,0,0.0
0.5078125,0.5078125,0.7578125,0.7734375,0.7734375,0.7734375,0.0,0.0,0.0,0.0,0.0,0.0,0.0,0.0,0.7578125,0.7578125,0.6328125,0.6171875,33.33333333333333,74.94181121522367,74.94181121522367,74.94181121522367,0.0,0.0,0.0,1.976462712953165,99.60376084512244,0.0,0.0,0.0,0.0,0.0,2.0050808443659083,99.9282511120668,0,0.0
0.5078125,0.5078125,0.7578125,0.7734375,0.7734375,0.7734375,0.0,0.0,0.0,0.0,0.0,0.0,0.0,0.0,0.7578125,0.7578125,0.6328125,0.6171875,33.33333333333333,74.94181121522367,74.94181121522367,74.94181121522367,0.0,0.0,0.0,1.976462712953165,99.60376084512244,0.0,0.0,0.0,0.0,0.0,2.0664443448653422,99.5321968061264,0,0.0
0.5078125,0.5078125,0.7578125,0.7734375,0.7734375,0.7734375,0.0,0.0,0.0,0.0,0.0,0.0,0.0,0.0,0.7578125,0.7578125,0.6328125,0.6171875,33.33333333333333,74.94181121522367,74.94181121522367,74.94181121522367,0.0,0.0,0.0,2.035351090281,99.60376084512244,0.0,0.0,0.0,0.0,0.0,2.0428144809231097,99.9282511120668,0,0.0
0.5078125,0.5078125,0.7578125,0.7734375,0.7734375,0.7734375,0.0,0.0,0.0,0.0,0.0,0.0,0.0,0.0,0.7578125,0.7578125,0.6328125,0.6171875,33.33333333333333,74.94181121522367,74.94181121522367,74.94181121522367,0.0,0.0,0.0,1.976462712953165,99.60376084512244,0.0,0.0,0.0,0.0,0.0,2.005845155636602,99.9282511120668,0,0.0
0.5078125,0.5078125,0.7578125,0.7734375,0.7734375,0.7734375,0.0,0.0,0.0,0.0,0.0,0.0,0.0,0.0,0.7578125,0.7578125,0.6328125,0.6171875,33.33333333333333,74.94181121522367,74.94181121522367,74.94181121522367,0.0,0.0,0.0,1.976462712953165,99.60376084512244,0.0,0.0,0.0,0.0,0.0,2.005845155636602,99.9282511120668,0,0.0
0.5078125,0.5078125,0.7578125,0.7734375,0.7734375,0.7734375,0.0,0.0,0.0,0.0,0.0,0.0,0.0,0.0,0.7578125,0.7578125,0.6328125,0.6171875,33.33333333333333,75.065128441717,75.065128441717,74.94181121522367,0.0,0.0,0.0,1.992642124190859,99.60376084512244,0.0,0.0,0.0,0.0,0.0,2.022976013283156,99.9282511120668,0,0.0
0.5078125,0.5078125,0.7578125,0.7734375,0.7734375,0.7734375,0.0,0.0,0.0,0.0,0.0,0.0,0.0,0.0,0.7578125,0.7578125,0.6328125,0.6171875,33.33333333333333,74.94181121522367,74.94181121522367,74.94181121522367,0.0,0.0,0.0,1.976462712953165,99.60376084512244,0.0,0.0,0.0,0.0,0.0,2.005155781532587,99.9282511120668,0,0.0
0.5078125,0.5078125,0.7578125,0.7734375,0.7734375,0.7734375,0.0,0.0,0.0,0.0,0.0,0.0,0.0,0.0,0.7578125,0.7578125,0.6328125,0.6171875,33.33333333333333,75.065128441717,74.94181121522367,74.94181121522367,0.0,0.0,0.0,1.976462712953165,99.60376084512244,0.0,0.0,0.0,0.0,0.0,2.0050808443659083,99.9282511120668,0,0.0
0.5078125,0.5078125,0.7578125,0.7734375,0.7734375,0.7734375,0.0,0.0,0.0,0.0,0.0,0.0,0.0,0.0,0.7578125,0.7578125,0.6328125,0.6171875,33.33333333333333,74.94181121522367,74.94181121522367,74.94181121522367,0.0,0.0,0.0,1.9911629032895428,99.60376084512244,0.0,0.0,0.0,0.0,0.0,2.0664443448653422,99.5321968061264,0,0.0
0.5078125,0.5078125,0.7578125,0.7734375,0.7734375,0.7734375,0.0,0.0,0.0,0.0,0.0,0.0,0.0,0.0,0.7578125,0.7578125,0.6328125,0.6171875,33.33333333333333,74.94181121522367,75.0348189354691,74.94181121522367,0.0,0.0,0.0,1.9824259441565093,99.9474893687556,0.0,0.0,0.0,0.0,0.0,1.983930577831151,99.5321968061264,0,0.0
0.5078125,0.5078125,0.7578125,0.7734375,0.7734375,0.7734375,0.0,0.0,0.0,0.0,0.0,0.0,0.0,0.0,0.7578125,0.7578125,0.6328125,0.6171875,33.33333333333333,75.16576231372952,75.16576231372952,75.16576231372952,-1.9740516478882697,2.499922848345731,-0.2540994125944195,1.9715570917185885,99.83220259802208,0.0,-0.6393554400553032,0.0,0.0,0.0,2.0045496047938323,99.5321968061264,0,0.0
0.5078125,0.5078125,0.7578125,0.7734375,0.7734375,0.7734375,0.0,0.0,0.0,0.0,0.0,0.0,0.0,0.0,0.7578125,0.7578125,0.6328125,0.6171875,33.33333333333333,75.14265905091638,75.16576231372952,75.14265905091638,-4.6717746765115145,6.319354171044623,-2.853631192211307,1.9715570917185885,99.83220259802208,0.0,2.523816513357348,0.0,0.0,0.0,2.0307580940810266,99.5321968061264,0,0.0
0.5078125,0.5078125,0.7578125,0.7734375,0.7734375,0.7734375,0.0,0.0,0.0,0.0,0.0,0.0,0.0,0.0,0.7578125,0.7578125,0.6328125,0.6171875,33.33333333333333,75.16576231372952,75.16576231372952,75.16576231372952,-4.0085547887262445,6.273675507305645,-4.030722687557811,1.9770278108678985,99.65367240958426,0.0,4.59260132016211,0.0,0.0,0.0,1.992093675735056,99.5321968061264,0,0.0
0.5078125,0.5078125,0.7578125,0.7734375,0.7734375,0.7734375,0.0,0.0,0.0,0.0,0.0,0.0,0.0,0.0,0.7578125,0.7578125,0.6328125,0.6171875,33.33333333333333,75.16576231372952,75.16576231372952,75.16576231372952,-2.8421971397902106,5.1646663338655925,-4.913470306283285,1.9715570917185885,99.83220259802208,0.0,6.289372204379524,0.0,0.0,0.0,2.008111045490693,99.6620236248565,0,0.0
0.5078125,0.5078125,0.7578125,0.7734375,0.7734375,0.7734375,0.0,0.0,0.0,0.0,0.0,0.0,0.0,0.0,0.7578125,0.7578125,0.6328125,0.6171875,33.33333333333333,75.16576231372952,75.16576231372952,75.16576231372952,-1.6175739895961525,3.430646394337784,-5.494730454370521,1.9715570917185885,99.83220259802208,0.0,7.2711358771857055,0.0,0.0,0.0,2.0307580940810266,99.6620236248565,0,0.0
0.5078125,0.5078125,0.7578125,0.7734375,0.7734375,0.7734375,0.0,0.0,0.0,0.0,0.0,0.0,0.0,0.0,0.7578125,0.7578125,0.6328125,0.6171875,33.33333333333333,75.14265905091638,75.16576231372952,75.16576231372952,-0.2712216557771666,1.1826740059419711,-4.268958065552432,1.9715570917185885,99.83220259802208,0.0,5.508934025231099,0.0,0.0,0.0,2.008111045490693,99.69518117960055,0,0.0
0.5078125,0.5078125,0.7578125,0.7734375,0.7734375,0.7734375,0.0,0.0,0.0,0.0,0.0,0.0,0.0,0.0,0.7578125,0.7578125,0.6328125,0.6171875,33.33333333333333,75.16576231372952,75.14265905091638,75.16576231372952,1.9581455273902624,-2.686026083568979,-1.8092210146952652,1.9585020847261283,99.51727545805576,89.83220259802209,2.2217564409300845,0.0,0.0,0.0,1.9957485679020723,99.69518117960055,0,0.0
0.5078125,0.5078125,0.7578125,0.7734375,0.7734375,0.7734375,0.0,0.0,0.0,0.0,0.0,0.0,0.0,0.0,0.7578125,0.7578125,0.6328125,0.6171875,33.33333333333333,75.16576231372952,75.16576231372952,75.16576231372952,3.445105301292682,-4.743277276483257,-2.973798567524092,1.9903755473984304,99.51727545805576,89.83220259802209,3.66640211768768,0.0,0.0,0.0,2.077049789207278,99.51162173417218,0,0.0
0.5078125,0.5078125,0.7578125,0.7734375,0.7734375,0.7734375,0.0,0.0,0.0,0.0,0.0,0.0,0.0,0.0,0.7578125,0.7578125,0.6328125,0.6171875,33.33333333333333,75.16576231372952,75.16576231372952,75.14265905091638,0.0,0.0,0.0,1.9903755473984304,99.51727545805576,89.83220259802209,0.0,0.0,0.0,0.0,2.04148274612694,99.51162173417218,0,0.0
0.5078125,0.5078125,0.7578125,0.7734375,0.7734375,0.7734375,0.0,0.0,0.0,0.0,0.0,0.0,0.0,0.0,0.7578125,0.7578125,0.6328125,0.6171875,33.33333333333333,75.16576231372952,75.16576231372952,75.16576231372952,0.0,0.0,0.0,1.9903755473984304,99.51727545805576,89.83220259802209,0.0,0.0,0.0,0.0,2.005423843729232,99.68945867094163,0,0.0
0.5078125,0.5078125,0.7578125,0.7734375,0.7734375,0.7734375,0.0,0.0,0.0,0.0,0.0,0.0,0.0,0.0,0.7578125,0.7578125,0.6328125,0.6171875,33.33333333333333,75.16576231372952,75.14265905091638,75.16576231372952,0.0,0.0,0.0,1.9715570917185885,99.83220259802208,89.91682418301733,0.0,0.0,0.0,0.0,2.008111045490693,99.6620236248565,0,0.0
0.5078125,0.5078125,0.7578125,0.7734375,0.7734375,0.7734375,0.0,0.0,0.0,0.0,0.0,0.0,0.0,0.0,0.7578125,0.7578125,0.6328125,0.6171875,33.33333333333333,75.16576231372952,75.16576231372952,75.14265905091638,-1.46346462914765,1.4005728739551615,1.214280327208661,1.9770278108678985,99.83220259802208,89.91682418301733,-1.4366549794969397,0.0,0.0,0.0,1.9913092557844831,99.74885529313406,0,0.0
0.5078125,0.5078125,0.7578125,0.7734375,0.7734375,0.7734375,0.0,0.0,0.0,0.0,0.0,0.0,0.0,0.0,0.7578125,0.7578125,0.6328125,0.6171875,33.33333333333333,75.16835158508802,75.16576231372952,75.16576231372952,-4.19316452623645,4.730656161654777,3.23483792731172,2.014460857397753,99.83220259802208,89.91682418301733,-3.743298369522043,0.0,0.0,0.0,1.9676226689878185,99.74885529313406,0,0.0
0.5078125,0.5078125,0.7578125,0.7734375,0.7734375,0.7734375,0.0,0.0,0.0,0.0,0.0,0.0,0.0,0.0,0.7578125,0.7578125,0.6328125,0.6171875,33.33333333333333,75.16576231372952,75.16576231372952,75.16576231372952,-0.525253508723143,0.3362188373211845,2.272935114819269,2.003319189755932,99.83220259802208,89.91682418301733,-2.755927397170913,0.0,0.0,0.0,2.0045496047938323,99.74885529313406,0,0.0
0.5078125,0.5078125,0.7578125,0.7734375,0.7734375,0.7734375,0.0,0.0,0.0,0.0,0.0,0.0,0.0,0.0,0.7578125,0.7578125,0.6328125,0.6171875,33.33333333333333,75.16576231372952,75.16835158508802,75.14265905091638,1.268195456196451,-2.1848027738893694,5.357567145889301,1.9770278108678985,99.83220259802208,89.91682418301733,-6.932875011227102,0.0,0.0,0.0,2.0307580940810266,99.74885529313406,0,0.0
0.5078125,0.5078125,0.7578125,0.7734375,0.7734375,0.7734375,0.0,0.0,0.0,0.0,0.0,0.0,0.0,0.0,0.7578125,0.7578125,0.6328125,0.6171875,33.33333333333333,75.16576231372952,75.16576231372952,75.16576231372952,2.528743793250754,-4.098997205827475,5.062215831809676,1.9671743374664648,99.83220259802208,89.91682418301733,-6.806436208948547,0.0,0.0,0.0,2.0307580940810266,99.74885529313406,0,0.0
0.5078125,0.5078125,0.7578125,0.7734375,0.7734375,0.7734375,0.0,0.0,0.0,0.0,0.0,0.0,0.0,0.0,0.7578125,0.7578125,0.6328125,0.6171875,33.33333333333333,75.16835158508802,75.16576231372952,75.16576231372952,3.693368167852044,-5.637587053879637,4.240680881183091,1.9671743374664648,99.83220259802208,89.91682418301733,-5.64094184122137,0.0,0.0,0.0,2.007235868544784,99.74885529313406,0,0.0
0.5234375,0.5,0.7578125,0.7734375,0.7734375,0.7734375,0.0,0.0,0.0,0.0,0.0,0.0,0.0,0.0,0.7578125,0.7578125,0.6328125,0.6171875,33.33333333333333,75.16576231372952,75.16576231372952,75.16576231372952,4.654462993449513,-6.494556405007147,3.183131616037018,1.9770278108678985,99.58462158499523,89.6636912737715,-3.8597718456231087,0.0,0.0,0.0,1.992093675735056,99.74885529313406,0,0.0
0.5234375,0.5,0.7578125,0.7734375,0.7734375,0.7734375,0.0,0.0,0.0,0.0,0.0,0.0,0.0,0.0,0.7578125,0.7578125,0.6328125,0.6171875,33.33333333333333,75.16576231372952,75.14265905091638,75.16576231372952,3.612112409384818,-4.699604438076737,1.8312804232549893,1.9715570917185885,99.58462158499523,89.6636912737715,-1.571896392056378,0.0,0.0,0.0,2.008111045490693,99.6620236248565,0,0.0
0.5234375,0.5,0.7578125,0.7734375,0.7734375,0.7734375,0.0,0.0,0.0,0.0,0.0,0.0,0.0,0.0,0.7578125,0.7578125,0.6328125,0.6171875,33.33333333333333,75.16576231372952,75.16576231372952,75.14265905091638,1.0819444589680345,-1.2793311660062407,-1.063088366018758,1.9715570917185885,99.58462158499523,89.6636912737715,1.6245154850342265,0.0,0.0,0.0,1.966882181185812,99.6620236248565,0,0.0
0.5234375,0.5,0.7578125,0.7734375,0.7734375,0.7734375,0.0,0.0,0.0,0.0,0.0,0.0,0.0,0.0,0.7578125,0.7578125,0.6328125,0.6171875,33.33333333333333,74.91656684615586,74.91656684615586,74.91656684615586,3.226450540381751,-3.621306252891283,-4.311251970108344,2.0218896211261144,99.58462158499523,89.6636912737715,5.388755647841832,0.0,0.0,0.0,2.007196687533873,99.6620236248565,0,0.0
0.5234375,0.5,0.7578125,0.7734375,0.7734375,0.7734375,0.0,0.0,0.0,0.0,0.0,0.0,0.0,0.0,0.7578125,0.7578125,0.6328125,0.6171875,33.33333333333333,74.91307960240553,74.91656684615586,74.91656684615586,0.7780191157179792,-0.928970509725534,-0.82928728735502,2.0100521083726908,99.58462158499523,89.6636912737715,1.3526783564218088,0.0,0.0,0.0,2.0142679503419907,99.6620236248565,0,0.0
0.5234375,0.5,0.7578125,0.7734375,0.7734375,0.7734375,0.0,0.0,0.0,0.0,0.0,0.0,0.0,0.0,0.7578125,0.7578125,0.6328125,0.6171875,33.33333333333333,74.91656684615586,74.91307960240553,74.91656684615586,0.0,0.0,0.0,2.051490780962523,99.58462158499523,89.6636912737715,0.0,0.0,0.0,0.0,2.0338539175368866,99.6620236248565,0,0.0
0.5234375,0.5,0.7578125,0.7734375,0.7734375,0.7734375,0.0,0.0,0.0,0.0,0.0,0.0,0.0,0.0,0.7578125,0.7578125,0.6328125,0.6171875,33.33333333333333,74.91656684615586,74.91656684615586,74.91656684615586,0.0,0.0,0.0,2.051490780962523,99.58462158499523,0.0,0.0,0.0,0.0,0.0,2.032354777855102,99.51515206891096,0,0.0
0.5234375,0.5,0.7578125,0.7734375,0.7734375,0.7734375,0.0,0.0,0.0,0.0,0.0,0.0,0.0,0.0,0.7578125,0.7578125,0.6328125,0.6171875,33.33333333333333,74.92932725769433,74.91656684615586,74.91656684615586,0.0,0.0,0.0,1.9689224127368168,99.58462158499523,0.0,0.0,0.0,0.0,0.0,2.0207408776185214,99.51515206891096,0,0.0
0.5234375,0.5,0.7578125,0.7734375,0.7734375,0.7734375,0.0,0.0,0.0,0.0,0.0,0.0,0.0,0.0,0.7578125,0.7578125,0.6328125,0.6171875,33.33333333333333,74.91656684615586,74.91307960240553,74.91656684615586,-1.4975165917035589,1.6521256683221006,1.858702359258782,2.008547218673568,99.58462158499523,0.0,-2.0832573684589897,0.0,0.0,0.0,2.009386538252913,99.51515206891096,0,0.0
0.5234375,0.5,0.7578125,0.7734375,0.7734375,0.7734375,0.0,0.0,0.0,0.0,0.0,0.0,0.0,0.0,0.7578125,0.7578125,0.6328125,0.6171875,33.33333333333333,74.91656684615586,74.91656684615586,74.92932725769433,-3.1242644679743985,3.3872713526261187,4.394743487137074,1.9648125007908763,99.9319296561464,0.0,-5.103233426290961,0.0,0.0,0.0,2.002125921961795,99.51515206891096,0,0.0
0.5234375,0.5,0.7578125,0.7734375,0.7734375,0.7734375,0.0,0.0,0.0,0.0,0.0,0.0,0.0,0.0,0.7578125,0.7578125,0.6328125,0.6171875,33.33333333333333,74.92932725769433,74.91656684615586,74.91656684615586,0.0,0.0,0.0,2.002510394868378,99.9319296561464,0.0,0.0,0.0,0.0,0.0,2.000467777590208,99.83928688913164,0,0.0
0.5234375,0.5,0.7578125,0.7734375,0.7734375,0.7734375,0.0,0.0,0.0,0.0,0.0,0.0,0.0,0.0,0.7578125,0.7578125,0.6328125,0.6171875,33.33333333333333,74.91656684615586,74.92932725769433,74.91656684615586,0.0,0.0,0.0,2.0068641154242064,99.9319296561464,0.0,0.0,0.0,0.0,0.0,1.9985416533191795,99.83928688913164,0,0.0
0.5234375,0.5,0.7578125,0.7734375,0.7734375,0.7734375,0.0,0.0,0.0,0.0,0.0,0.0,0.0,0.0,0.7578125,0.7578125,0.6328125,0.6171875,33.33333333333333,74.91656684615586,74.91656684615586,74.91656684615586,0.0,0.0,0.0,2.002510394868378,99.67472411654106,0.0,0.0,0.0,0.0,0.0,2.0062426174949546,99.83928688913164,0,0.0
0.5234375,0.5,0.7578125,0.7734375,0.7734375,0.7734375,0.0,0.0,0.0,0.0,0.0,0.0,0.0,0.0,0.7578125,0.7578125,0.6328125,0.6171875,33.33333333333333,74.91656684615586,74.91656684615586,74.91656684615586,0.0,0.0,0.0,2.002510394868378,99.67472411654106,0.0,0.0,0.0,0.0,0.0,2.000467777590208,99.83928688913164,0,0.0
0.5234375,0.5,0.7578125,0.7734375,0.7734375,0.7734375,0.0,0.0,0.0,0.0,0.0,0.0,0.0,0.0,0.7578125,0.7578125,0.6328125,0.6171875,33.33333333333333,74.91656684615586,74.91656684615586,74.91656684615586,0.0,0.0,0.0,2.002510394868378,99.67472411654106,0.0,0.0,0.0,0.0,0.0,2.003814218280572,99.83928688913164,0,0.0
0.5234375,0.5,0.7578125,0.7734375,0.7734375,0.7734375,0.0,0.0,0.0,0.0,0.0,0.0,0.0,0.0,0.7578125,0.7578125,0.6328125,0.6171875,33.33333333333333,74.91656684615586,74.91656684615586,74.91656684615586,0.0,0.0,0.0,2.0107233326342944,99.67472411654106,0.0,0.0,0.0,0.0,0.0,2.0107729787198707,99.83928688913164,0,0.0
0.5234375,0.5,0.7578125,0.7734375,0.7734375,0.7734375,0.0,0.0,0.0,0.0,0.0,0.0,0.0,0.0,0.7578125,0.7578125,0.6328125,0.6171875,33.33333333333333,74.91656684615586,74.91656684615586,74.91307960240553,0.0,0.0,0.0,2.002510394868378,99.67472411654106,0.0,0.0,0.0,0.0,0.0,2.0107729787198707,99.83928688913164,0,0.0
0.5234375,0.5,0.7578125,0.7734375,0.7734375,0.7734375,0.0,0.0,0.0,0.0,0.0,0.0,0.0,0.0,0.7578125,0.7578125,0.6328125,0.6171875,33.33333333333333,74.91656684615586,74.91656684615586,74.91656684615586,0.0,0.0,0.0,1.9841395469185923,99.50778383385408,0.0,0.0,0.0,0.0,0.0,2.0107729787198707,99.83928688913164,0,0.0
0.5234375,0.5,0.7578125,0.7734375,0.7734375,0.7734375,0.0,0.0,0.0,0.0,0.0,0.0,0.0,0.0,0.7578125,0.7578125,0.6328125,0.6171875,33.33333333333333,74.91656684615586,74.91656684615586,74.91656684615586,0.0,0.0,0.0,2.0056971123154197,99.50778383385408,0.0,0.0,0.0,0.0,0.0,2.0105543505508257,99.83928688913164,0,0.0
0.5234375,0.5,0.7578125,0.7734375,0.7734375,0.7734375,0.0,0.0,0.0,0.0,0.0,0.0,0.0,0.0,0.7578125,0.7578125,0.6328125,0.6171875,33.33333333333333,74.91656684615586,74.91656684615586,74.91656684615586,0.0,0.0,0.0,2.002510394868378,99.50778383385408,0.0,0.0,0.0,0.0,0.0,2.003814218280572,99.83928688913164,0,0.0
0.5234375,0.5,0.7578125,0.7734375,0.7734375,0.7734375,0.0,0.0,0.0,0.0,0.0,0.0,0.0,0.0,0.7578125,0.7578125,0.6328125,0.6171875,33.33333333333333,74.91656684615586,74.91656684615586,74.91656684615586,0.0,0.0,0.0,2.0107233326342944,99.50778383385408,0.0,0.0,0.0,0.0,0.0,2.0107729787198707,99.83928688913164,0,0.0
0.5234375,0.5,0.7578125,0.7734375,0.7734375,0.7734375,0.0,0.0,0.0,0.0,0.0,0.0,0.0,0.0,0.7578125,0.7578125,0.6328125,0.6171875,33.33333333333333,74.91307960240553,74.91307960240553,74.91656684615586,0.0,0.0,0.0,2.0107233326342944,99.50778383385408,0.0,0.0,0.0,0.0,0.0,2.001046725735738,99.83928688913164,0,0.0
0.5234375,0.5,0.7578125,0.7734375,0.7734375,0.7734375,0.0,0.0,0.0,0.0,0.0,0.0,0.0,0.0,0.7578125,0.7578125,0.6328125,0.6171875,33.33333333333333,74.91656684615586,74.91656684615586,74.91656684615586,0.0,0.0,0.0,2.0107233326342944,99.50778383385408,0.0,0.0,0.0,0.0,0.0,2.0062426174949546,99.83928688913164,0,0.0
0.5234375,0.5,0.7578125,0.7734375,0.7734375,0.7734375,0.0,0.0,0.0,0.0,0.0,0.0,0.0,0.0,0.7578125,0.7578125,0.6328125,0.6171875,33.33333333333333,75.02976580624384,75.02976580624384,74.96179935378088,0.0,0.0,0.0,2.0046389512542566,99.50778383385408,0.0,0.0,0.0,0.0,0.0,2.015515314201052,99.83928688913164,0,0.0
0.5234375,0.5,0.7578125,0.7734375,0.7734375,0.7734375,0.0,0.0,0.0,0.0,0.0,0.0,0.0,0.0,0.7578125,0.7578125,0.6328125,0.6171875,33.33333333333333,74.88586026100494,74.96179935378088,75.02976580624384,0.0,0.0,0.0,1.9684336144501475,99.50778383385408,0.0,0.0,0.0,0.0,0.0,2.0014460445759625,99.83928688913164,0,0.0
0.5234375,0.5,0.7578125,0.7734375,0.7734375,0.7734375,0.0,0.0,0.0,0.0,0.0,0.0,0.0,0.0,0.7578125,0.7578125,0.6328125,0.6171875,33.33333333333333,75.02976580624384,75.02976580624384,74.96179935378088,0.0,0.0,0.0,1.9555297746613276,99.50778383385408,0.0,0.0,0.0,0.0,0.0,2.015515314201052,99.83928688913164,0,0.0
0.5234375,0.5,0.7578125,0.7734375,0.7734375,0.7734375,0.0,0.0,0.0,0.0,0.0,0.0,0.0,0.0,0.7578125,0.7578125,0.6328125,0.6171875,33.33333333333333,75.02976580624384,75.02976580624384,75.02976580624384,0.0,0.0,0.0,2.027341175004343,99.50778383385408,0.0,0.0,0.0,0.0,0.0,1.992260541693222,99.83928688913164,0,0.0
0.5234375,0.5,0.7578125,0.7734375,0.7734375,0.7734375,0.0,0.0,0.0,0.0,0.0,0.0,0.0,0.0,0.7578125,0.7578125,0.6328125,0.6171875,33.33333333333333,74.96179935378088,74.96179935378088,75.02976580624384,0.0,0.0,0.0,1.9555297746613276,99.50778383385408,0.0,0.0,0.0,0.0,0.0,1.995863629908065,99.83928688913164,0,0.0
0.5234375,0.5,0.7578125,0.7734375,0.7734375,0.7734375,0.0,0.0,0.0,0.0,0.0,0.0,0.0,0.0,0.7578125,0.7578125,0.6328125,0.6171875,33.33333333333333,75.02976580624384,75.02976580624384,75.02976580624384,0.0,0.0,0.0,1.9555297746613276,99.50778383385408,0.0,0.0,0.0,0.0,0.0,2.016099922610539,99.82490159430787,0,0.0
0.5234375,0.5,0.7578125,0.7734375,0.7734375,0.7734375,0.0,0.0,0.0,0.0,0.0,0.0,0.0,0.0,0.7578125,0.7578125,0.6328125,0.6171875,33.33333333333333,75.02976580624384,75.02976580624384,75.02976580624384,0.0,0.0,0.0,2.027341175004343,99.50778383385408,0.0,0.0,0.0,0.0,0.0,2.0206944738996397,99.82490159430787,0,0.0
0.5234375,0.5,0.7578125,0.7734375,0.7734375,0.7734375,0.0,0.0,0.0,0.0,0.0,0.0,0.0,0.0,0.7578125,0.7578125,0.6328125,0.6171875,33.33333333333333,74.88586026100494,74.96179935378088,75.02976580624384,0.0,0.0,0.0,2.008890748448966,99.50778383385408,0.0,0.0,0.0,0.0,0.0,2.015515314201052,99.75867259620593,0,0.0
0.5234375,0.5,0.7578125,0.7734375,0.7734375,0.7734375,0.0,0.0,0.0,0.0,0.0,0.0,0.0,0.0,0.7578125,0.7578125,0.6328125,0.6171875,33.33333333333333,75.02976580624384,75.02976580624384,75.02976580624384,0.0,0.0,0.0,2.027341175004343,99.50778383385408,0.0,0.0,0.0,0.0,0.0,2.0014460445759625,99.75867259620593,0,0.0
0.5234375,0.5,0.7578125,0.7734375,0.7734375,0.7734375,0.0,0.0,0.0,0.0,0.0,0.0,0.0,0.0,0.7578125,0.7578125,0.6328125,0.6171875,33.33333333333333,75.02976580624384,75.02976580624384,75.02976580624384,0.0,0.0,0.0,2.027341175004343,99.50778383385408,0.0,0.0,0.0,0.0,0.0,2.015515314201052,99.75867259620593,0,0.0
0.5234375,0.5,0.7578125,0.7734375,0.7734375,0.7734375,0.0,0.0,0.0,0.0,0.0,0.0,0.0,0.0,0.7578125,0.7578125,0.6328125,0.6171875,33.33333333333333,74.96179935378088,74.96179935378088,75.02976580624384,0.0,0.0,0.0,1.9555297746613276,99.50778383385408,0.0,0.0,0.0,0.0,0.0,2.0014460445759625,99.75867259620593,0,0.0
0.5234375,0.5,0.7578125,0.7734375,0.7734375,0.7734375,0.0,0.0,0.0,0.0,0.0,0.0,0.0,0.0,0.7578125,0.7578125,0.6328125,0.6171875,33.33333333333333,75.02976580624384,75.02976580624384,74.96179935378088,0.0,0.0,0.0,2.027341175004343,99.50778383385408,0.0,0.0,0.0,0.0,0.0,2.0014460445759625,99.75867259620593,0,0.0
0.5234375,0.5,0.7578125,0.7734375,0.7734375,0.7734375,0.0,0.0,0.0,0.0,0.0,0.0,0.0,0.0,0.7578125,0.7578125,0.6328125,0.6171875,33.33333333333333,75.02976580624384,75.02976580624384,75.02976580624384,0.0,0.0,0.0,2.027341175004343,99.50778383385408,0.0,0.0,0.0,0.0,0.0,1.9770473985314512,99.75867259620593,0,0.0
0.5234375,0.5,0.7578125,0.7734375,0.7734375,0.7734375,0.0,0.0,0.0,0.0,0.0,0.0,0.0,0.0,0.7578125,0.7578125,0.6328125,0.6171875,33.33333333333333,75.02976580624384,74.96179935378088,74.96179935378088,0.0,0.0,0.0,2.027341175004343,99.50778383385408,0.0,0.0,0.0,0.0,0.0,2.0014460445759625,99.75867259620593,0,0.0
0.5234375,0.5,0.7578125,0.7734375,0.7734375,0.7734375,0.0,0.0,0.0,0.0,0.0,0.0,0.0,0.0,0.7578125,0.7578125,0.6328125,0.6171875,33.33333333333333,75.02976580624384,75.02976580624384,75.02976580624384,0.0,0.0,0.0,2.027341175004343,99.50778383385408,0.0,0.0,0.0,0.0,0.0,2.0014460445759625,99.75867259620593,0,0.0
0.5234375,0.5,0.7578125,0.7734375,0.7734375,0.7734375,0.0,0.0,0.0,0.0,0.0,0.0,0.0,0.0,0.7578125,0.7578125,0.6328125,0.6171875,33.33333333333333,75.02976580624384,75.02976580624384,75.02976580624384,0.0,0.0,0.0,2.0046389512542566,99.50778383385408,0.0,0.0,0.0,0.0,0.0,2.015515314201052,99.75867259620593,0,0.0
0.5234375,0.5,0.7578125,0.7734375,0.7734375,0.7734375,0.0,0.0,0.0,0.0,0.0,0.0,0.0,0.0,0.7578125,0.7578125,0.6328125,0.6171875,33.33333333333333,75.02976580624384,74.96179935378088,75.02976580624384,0.0,0.0,0.0,2.027341175004343,99.50778383385408,0.0,0.0,0.0,0.0,0.0,2.015515314201052,99.75867259620593,0,0.0
0.5078125,0.515625,0.7578125,0.7734375,0.7734375,0.7734375,0.0,0.0,0.0,0.0,0.0,0.0,0.0,0.0,0.7578125,0.7578125,0.6328125,0.6171875,33.33333333333333,74.96179935378088,75.02976580624384,75.02976580624384,0.0,0.0,0.0,2.0046389512542566,99.50778383385408,0.0,0.0,0.0,0.0,0.0,2.0105643784945144,99.75867259620593,0,0.0
0.5078125,0.515625,0.7578125,0.7734375,0.7734375,0.7734375,0.0,0.0,0.0,0.0,0.0,0.0,0.0,0.0,0.7578125,0.7578125,0.6328125,0.6171875,33.33333333333333,74.96179935378088,75.02976580624384,75.02976580624384,0.0,0.0,0.0,2.0046389512542566,99.50778383385408,0.0,0.0,0.0,0.0,0.0,2.015515314201052,99.75867259620593,0,0.0
0.5078125,0.515625,0.7578125,0.7734375,0.7734375,0.7734375,0.0,0.0,0.0,0.0,0.0,0.0,0.0,0.0,0.7578125,0.7578125,0.6328125,0.6171875,33.33333333333333,75.02976580624384,74.96179935378088,75.02976580624384,0.0,0.0,0.0,1.9684336144501475,99.50778383385408,0.0,0.0,0.0,0.0,0.0,1.992260541693222,99.75867259620593,0,0.0
0.5078125,0.515625,0.7578125,0.7734375,0.7734375,0.7734375,0.0,0.0,0.0,0.0,0.0,0.0,0.0,0.0,0.7578125,0.7578125,0.6328125,0.6171875,33.33333333333333,74.95938686822456,74.95938686822456,74.95938686822456,0.0,0.0,0.0,1.9894737741370507,99.50778383385408,0.0,0.0,0.0,0.0,0.0,1.950670872688107,99.75867259620593,0,0.0
0.5078125,0.515625,0.7578125,0.7734375,0.7734375,0.7734375,0.0,0.0,0.0,0.0,0.0,0.0,0.0,0.0,0.7578125,0.7578125,0.6328125,0.6171875,33.33333333333333,74.95938686822456,74.95938686822456,74.95938686822456,0.0,0.0,0.0,1.9995870057906977,99.75238145498156,0.0,0.0,0.0,0.0,0.0,2.011213817699169,99.75867259620593,0,0.0
0.5078125,0.515625,0.7578125,0.7734375,0.7734375,0.7734375,0.0,0.0,0.0,0.0,0.0,0.0,0.0,0.0,0.7578125,0.7578125,0.6328125,0.6171875,33.33333333333333,74.95938686822456,74.95938686822456,75.06938121382933,0.0,0.0,0.0,1.9894737741370507,99.75238145498156,0.0,0.0,0.0,0.0,0.0,1.9734923108090936,99.83066814909785,0,0.0
0.5078125,0.515625,0.7578125,0.7734375,0.7734375,0.7734375,0.0,0.0,0.0,0.0,0.0,0.0,0.0,0.0,0.7578125,0.7578125,0.6328125,0.6171875,33.33333333333333,74.95938686822456,74.95938686822456,74.95938686822456,0.0,0.0,0.0,2.008114131395234,99.75238145498156,0.0,0.0,0.0,0.0,0.0,1.9953923977893773,99.83066814909785,0,0.0
0.5078125,0.515625,0.7578125,0.7734375,0.7734375,0.7734375,0.0,0.0,0.0,0.0,0.0,0.0,0.0,0.0,0.7578125,0.7578125,0.6328125,0.6171875,33.33333333333333,74.95938686822456,74.95938686822456,74.95938686822456,0.0,0.0,0.0,2.008114131395234,99.75238145498156,0.0,0.0,0.0,0.0,0.0,2.006497516527756,99.69591261865432,0,0.0
0.5078125,0.515625,0.7578125,0.7734375,0.7734375,0.7734375,0.0,0.0,0.0,0.0,0.0,0.0,0.0,0.0,0.7578125,0.7578125,0.6328125,0.6171875,33.33333333333333,74.95938686822456,74.95938686822456,74.95938686822456,0.0,0.0,0.0,2.008114131395234,99.75238145498156,0.0,0.0,0.0,0.0,0.0,2.008898967057842,99.69591261865432,0,0.0
0.5078125,0.515625,0.7578125,0.7734375,0.7734375,0.7734375,0.0,0.0,0.0,0.0,0.0,0.0,0.0,0.0,0.7578125,0.7578125,0.6328125,0.6171875,33.33333333333333,75.16591689768819,74.95938686822456,74.95938686822456,0.0,0.0,0.0,2.008114131395234,99.75238145498156,0.0,0.0,0.0,0.0,0.0,2.008898967057842,99.69591261865432,0,0.0
0.5078125,0.515625,0.7578125,0.7734375,0.7734375,0.7734375,0.0,0.0,0.0,0.0,0.0,0.0,0.0,0.0,0.7578125,0.7578125,0.6328125,0.6171875,33.33333333333333,74.95938686822456,74.95938686822456,74.95938686822456,0.0,0.0,0.0,1.9894737741370507,99.75238145498156,0.0,0.0,0.0,0.0,0.0,2.008898967057842,99.83066814909785,0,0.0
0.5078125,0.515625,0.7578125,0.7734375,0.7734375,0.7734375,0.0,0.0,0.0,0.0,0.0,0.0,0.0,0.0,0.7578125,0.7578125,0.6328125,0.6171875,33.33333333333333,74.95938686822456,74.95938686822456,74.95938686822456,0.0,0.0,0.0,2.008114131395234,99.75238145498156,0.0,0.0,0.0,0.0,0.0,2.008898967057842,99.83066814909785,0,0.0
0.5078125,0.515625,0.7578125,0.7734375,0.7734375,0.7734375,0.0,0.0,0.0,0.0,0.0,0.0,0.0,0.0,0.7578125,0.7578125,0.6328125,0.6171875,33.33333333333333,74.95938686822456,74.95938686822456,74.95938686822456,0.0,0.0,0.0,2.008114131395234,99.75238145498156,0.0,0.0,0.0,0.0,0.0,2.006497516527756,99.54642998809746,0,0.0
0.5078125,0.515625,0.7578125,0.7734375,0.7734375,0.7734375,0.0,0.0,0.0,0.0,0.0,0.0,0.0,0.0,0.7578125,0.7578125,0.6328125,0.6171875,33.33333333333333,75.16591689768819,74.95938686822456,74.95938686822456,0.0,0.0,0.0,2.008114131395234,99.75238145498156,0.0,0.0,0.0,0.0,0.0,2.008898967057842,99.83066814909785,0,0.0
0.5078125,0.515625,0.7578125,0.7734375,0.7734375,0.7734375,0.0,0.0,0.0,0.0,0.0,0.0,0.0,0.0,0.7578125,0.7578125,0.6328125,0.6171875,33.33333333333333,74.95938686822456,74.95938686822456,74.95938686822456,0.0,0.0,0.0,1.9894737741370507,99.75238145498156,0.0,0.0,0.0,0.0,0.0,1.9734923108090936,99.83066814909785,0,0.0
0.5078125,0.515625,0.7578125,0.7734375,0.7734375,0.7734375,0.0,0.0,0.0,0.0,0.0,0.0,0.0,0.0,0.7578125,0.7578125,0.6328125,0.6171875,33.33333333333333,74.95938686822456,74.95938686822456,74.95938686822456,0.0,0.0,0.0,1.9894737741370507,99.75238145498156,0.0,0.0,0.0,0.0,0.0,1.9734923108090936,99.83066814909785,0,0.0
0.5078125,0.515625,0.7578125,0.7734375,0.7734375,0.7734375,0.0,0.0,0.0,0.0,0.0,0.0,0.0,0.0,0.7578125,0.7578125,0.6328125,0.6171875,33.33333333333333,74.95938686822456,74.95938686822456,74.95938686822456,0.0,0.0,0.0,1.9995870057906977,99.72133980181364,0.0,0.0,0.0,0.0,0.0,2.011213817699169,99.83066814909785,0,0.0
0.5078125,0.515625,0.7578125,0.75,0.7734375,0.7734375,0.0,0.0,0.0,0.0,0.0,0.0,0.0,0.0,0.7578125,0.7578125,0.6328125,0.6171875,33.33333333333333,75.16591689768819,75.06938121382933,74.95938686822456,0.0,0.0,0.0,2.0186741921049003,99.72133980181364,0.0,0.0,0.0,0.0,0.0,1.9734923108090936,99.83066814909785,0,0.0
0.5078125,0.515625,0.7578125,0.75,0.7890625,0.7890625,0.0,0.0,0.0,0.0,0.0,0.0,0.0,0.0,0.7578125,0.7578125,0.6328125,0.6171875,33.33333333333333,74.95938686822456,74.95938686822456,74.95938686822456,0.0,0.0,0.0,1.985847048145236,99.72133980181364,0.0,0.0,0.0,0.0,0.0,2.007005131129572,99.83066814909785,0,0.0
0.5078125,0.515625,0.7578125,0.75,0.7890625,0.7890625,0.0,0.0,0.0,0.0,0.0,0.0,0.0,0.0,0.7578125,0.7578125,0.6328125,0.6171875,33.33333333333333,74.95938686822456,74.95938686822456,74.95938686822456,0.0,0.0,0.0,1.9894737741370507,99.72133980181364,0.0,0.0,0.0,0.0,0.0,1.9765125935656425,99.83011600968392,0,0.0
0.5078125,0.515625,0.7578125,0.75,0.7890625,0.7890625,0.0,0.0,0.0,0.0,0.0,0.0,0.0,0.0,0.7578125,0.7578125,0.6328125,0.6171875,33.33333333333333,75.16591689768819,74.95938686822456,74.95938686822456,0.0,0.0,0.0,1.9995870057906977,99.72133980181364,0.0,0.0,0.0,0.0,0.0,2.011213817699169,99.83011600968392,0,0.0
0.5078125,0.515625,0.7578125,0.75,0.7890625,0.7890625,0.0,0.0,0.0,0.0,0.0,0.0,0.0,0.0,0.7578125,0.7578125,0.6328125,0.6171875,33.33333333333333,74.95938686822456,74.95938686822456,74.95938686822456,0.0,0.0,0.0,1.985254283666707,99.72133980181364,0.0,0.0,0.0,0.0,0.0,1.9827466172812265,99.83011600968392,0,0.0
0.5078125,0.515625,0.7578125,0.75,0.7890625,0.7890625,0.0,0.0,0.0,0.0,0.0,0.0,0.0,0.0,0.7578125,0.7578125,0.6328125,0.6171875,33.33333333333333,74.95938686822456,74.95938686822456,74.95938686822456,0.0,0.0,0.0,2.008114131395234,99.72133980181364,0.0,0.0,0.0,0.0,0.0,2.0134556427883945,99.83011600968392,0,0.0
0.5078125,0.515625,0.7578125,0.75,0.7890625,0.7890625,0.0,0.0,0.0,0.0,0.0,0.0,0.0,0.0,0.7578125,0.7578125,0.6328125,0.6171875,33.33333333333333,74.99095349631182,74.99095349631182,74.99095349631182,0.0,0.0,0.0,1.9976476221630808,99.72133980181364,0.0,0.0,0.0,0.0,0.0,2.033369603215637,99.73545336013063,0,0.0
0.5078125,0.515625,0.7578125,0.75,0.7890625,0.7890625,0.0,0.0,0.0,0.0,0.0,0.0,0.0,0.0,0.7578125,0.7578125,0.6328125,0.6171875,33.33333333333333,74.99095349631182,74.99095349631182,74.99095349631182,0.0,0.0,0.0,1.9891256208269328,99.7189644672559,0.0,0.0,0.0,0.0,0.0,2.033369603215637,99.73545336013063,0,0.0
0.5078125,0.515625,0.7578125,0.75,0.7890625,0.7890625,0.0,0.0,0.0,0.0,0.0,0.0,0.0,0.0,0.7578125,0.7578125,0.6328125,0.6171875,33.33333333333333,74.99095349631182,74.99095349631182,74.99095349631182,0.0,0.0,0.0,1.9866656654630817,99.7189644672559,0.0,0.0,0.0,0.0,0.0,2.033369603215637,99.73545336013063,0,0.0
0.5078125,0.515625,0.7578125,0.75,0.7890625,0.7890625,0.0,0.0,0.0,0.0,0.0,0.0,0.0,0.0,0.7578125,0.7578125,0.6328125,0.6171875,33.33333333333333,74.99095349631182,74.99095349631182,74.99095349631182,0.0,0.0,0.0,1.9968889163057484,99.7189644672559,0.0,0.0,0.0,0.0,0.0,2.033369603215637,99.73545336013063,0,0.0
0.5078125,0.515625,0.7578125,0.75,0.7890625,0.7890625,0.0,0.0,0.0,0.0,0.0,0.0,0.0,0.0,0.7578125,0.7578125,0.6328125,0.6171875,33.33333333333333,74.99095349631182,74.99095349631182,74.99095349631182,0.0,0.0,0.0,2.041936061381436,99.7189644672559,0.0,0.0,0.0,0.0,0.0,2.033369603215637,99.73545336013063,0,0.0
0.5078125,0.515625,0.7578125,0.75,0.7890625,0.7890625,0.0,0.0,0.0,0.0,0.0,0.0,0.0,0.0,0.7578125,0.7578125,0.6328125,0.6171875,33.33333333333333,74.99095349631182,75.05367661428545,74.99095349631182,0.0,0.0,0.0,1.9891256208269328,99.7189644672559,0.0,0.0,0.0,0.0,0.0,1.980244072805618,99.73545336013063,0,0.0
0.5078125,0.515625,0.7578125,0.75,0.7890625,0.7890625,0.0,0.0,0.0,0.0,0.0,0.0,0.0,0.0,0.7578125,0.7578125,0.6328125,0.6171875,33.33333333333333,75.05367661428545,74.99095349631182,74.99095349631182,0.0,0.0,0.0,2.009818739816524,99.7189644672559,0.0,0.0,0.0,0.0,0.0,1.96504614688744,99.73545336013063,0,0.0
0.5078125,0.515625,0.7578125,0.75,0.7890625,0.7890625,0.0,0.0,0.0,0.0,0.0,0.0,0.0,0.0,0.7578125,0.7578125,0.6328125,0.6171875,33.33333333333333,74.99095349631182,74.99095349631182,75.07219974944694,0.0,0.0,0.0,1.9877542887177544,99.61224722630622,0.0,0.0,0.0,0.0,0.0,2.0004952008232744,99.73545336013063,0,0.0
0.5078125,0.515625,0.7578125,0.75,0.7890625,0.7890625,0.0,0.0,0.0,0.0,0.0,0.0,0.0,0.0,0.7578125,0.7578125,0.6328125,0.6171875,33.33333333333333,74.99095349631182,74.99095349631182,74.99095349631182,0.0,0.0,0.0,2.0003509379795315,99.61224722630622,0.0,0.0,0.0,0.0,0.0,1.980244072805618,99.73545336013063,0,0.0
0.5078125,0.515625,0.7578125,0.75,0.7890625,0.7890625,0.0,0.0,0.0,0.0,0.0,0.0,0.0,0.0,0.7578125,0.7578125,0.6328125,0.6171875,33.33333333333333,74.99095349631182,74.99095349631182,74.99095349631182,0.0,0.0,0.0,1.9891256208269328,99.7189644672559,0.0,0.0,0.0,0.0,0.0,1.990224649107903,99.73545336013063,0,0.0
0.5078125,0.515625,0.7578125,0.75,0.7890625,0.7890625,0.0,0.0,0.0,0.0,0.0,0.0,0.0,0.0,0.7578125,0.7578125,0.6328125,0.6171875,33.33333333333333,74.99095349631182,74.99095349631182,75.05367661428545,0.0,0.0,0.0,1.9891139801162048,99.7189644672559,0.0,0.0,0.0,0.0,0.0,2.023791277593079,99.73545336013063,0,0.0
0.5078125,0.515625,0.7578125,0.75,0.7890625,0.7890625,0.0,0.0,0.0,0.0,0.0,0.0,0.0,0.0,0.7578125,0.7578125,0.6328125,0.6171875,33.33333333333333,74.99095349631182,74.99095349631182,74.99095349631182,0.0,0.0,0.0,2.041936061381436,99.7189644672559,0.0,0.0,0.0,0.0,0.0,2.033369603215637,99.73545336013063,0,0.0
0.5078125,0.515625,0.7578125,0.75,0.7890625,0.7890625,0.0,0.0,0.0,0.0,0.0,0.0,0.0,0.0,0.7578125,0.7578125,0.6328125,0.6171875,33.33333333333333,74.99095349631182,74.99095349631182,74.99095349631182,0.0,0.0,0.0,2.0003509379795315,99.7189644672559,0.0,0.0,0.0,0.0,0.0,2.0072829031479165,99.73545336013063,0,0.0
0.5078125,0.515625,0.7578125,0.75,0.7890625,0.7890625,0.0,0.0,0.0,0.0,0.0,0.0,0.0,0.0,0.7578125,0.7578125,0.6328125,0.6171875,33.33333333333333,74.99095349631182,75.05367661428545,74.99095349631182,0.0,0.0,0.0,2.0003509379795315,99.7189644672559,0.0,0.0,0.0,0.0,0.0,1.980244072805618,99.73545336013063,0,0.0
0.5078125,0.515625,0.7578125,0.75,0.7890625,0.7890625,0.0,0.0,0.0,0.0,0.0,0.0,0.0,0.0,0.7578125,0.7578125,0.6328125,0.6171875,33.33333333333333,75.07219974944694,74.99095349631182,74.99095349631182,0.0,0.0,0.0,1.9976476221630808,99.7189644672559,0.0,0.0,0.0,0.0,0.0,1.990224649107903,99.73545336013063,0,0.0
0.5078125,0.515625,0.7578125,0.75,0.7890625,0.7890625,0.0,0.0,0.0,0.0,0.0,0.0,0.0,0.0,0.7578125,0.7578125,0.6328125,0.6171875,33.33333333333333,74.99095349631182,74.99095349631182,74.99095349631182,0.0,0.0,0.0,1.9877542887177544,99.61224722630622,0.0,0.0,0.0,0.0,0.0,2.025582437722851,99.73545336013063,0,0.0
0.5078125,0.515625,0.7578125,0.75,0.7890625,0.7890625,0.0,0.0,0.0,0.0,0.0,0.0,0.0,0.0,0.7578125,0.7578125,0.6328125,0.6171875,33.33333333333333,74.99095349631182,74.99095349631182,74.99095349631182,0.0,0.0,0.0,1.9976476221630808,99.61224722630622,0.0,0.0,0.0,0.0,0.0,1.990224649107903,99.73545336013063,0,0.0
0.5078125,0.5234375,0.7578125,0.75,0.7890625,0.7890625,0.0,0.0,0.0,0.0,0.0,0.0,0.0,0.0,0.7578125,0.7578125,0.6328125,0.6171875,33.33333333333333,75.05367661428545,74.99095349631182,74.99095349631182,0.0,0.0,0.0,2.018986990143789,99.61224722630622,0.0,0.0,0.0,0.0,0.0,2.0072829031479165,99.73545336013063,0,0.0
0.5078125,0.5234375,0.7578125,0.75,0.7890625,0.7890625,0.0,0.0,0.0,0.0,0.0,0.0,0.0,0.0,0.7578125,0.7578125,0.6328125,0.6171875,33.33333333333333,75.05367661428545,74.99095349631182,75.07219974944694,0.0,0.0,0.0,1.9891139801162048,99.61224722630622,0.0,0.0,0.0,0.0,0.0,2.0072829031479165,99.73545336013063,0,0.0
0.5078125,0.5234375,0.7578125,0.75,0.7890625,0.7890625,0.0,0.0,0.0,0.0,0.0,0.0,0.0,0.0,0.7578125,0.7578125,0.6328125,0.6171875,33.33333333333333,74.99095349631182,74.99095349631182,74.99095349631182,0.0,0.0,0.0,1.9976476221630808,99.7189644672559,0.0,0.0,0.0,0.0,0.0,2.033369603215637,99.73545336013063,0,0.0
0.5078125,0.5234375,0.7578125,0.75,0.7890625,0.7890625,0.0,0.0,0.0,0.0,0.0,0.0,0.0,0.0,0.7578125,0.7578125,0.6328125,0.6171875,33.33333333333333,75.02310334605183,75.02310334605183,75.02310334605183,0.0,0.0,0.0,1.999256882520417,99.7189644672559,0.0,0.0,0.0,0.0,0.0,1.9708094281238544,99.73545336013063,0,0.0
0.5078125,0.5234375,0.7578125,0.75,0.7890625,0.7890625,0.0,0.0,0.0,0.0,0.0,0.0,0.0,0.0,0.7578125,0.7578125,0.6328125,0.6171875,33.33333333333333,74.93867415012744,74.93867415012744,74.93828549430677,0.0,0.0,0.0,2.01354634106512,99.53193167027588,0.0,0.0,0.0,0.0,0.0,1.9539178935341528,99.73545336013063,0,0.0
0.5078125,0.5234375,0.7578125,0.75,0.7890625,0.7890625,0.0,0.0,0.0,0.0,0.0,0.0,0.0,0.0,0.7578125,0.7578125,0.6328125,0.6171875,33.33333333333333,75.02310334605183,75.02310334605183,75.02310334605183,0.0,0.0,0.0,1.999256882520417,99.53193167027588,0.0,0.0,0.0,0.0,0.0,1.9539178935341528,99.73545336013063,0,0.0
0.5078125,0.5234375,0.7578125,0.75,0.7890625,0.7890625,0.0,0.0,0.0,0.0,0.0,0.0,0.0,0.0,0.7578125,0.7578125,0.6328125,0.6171875,33.33333333333333,75.02310334605183,75.02310334605183,75.02310334605183,0.0,0.0,0.0,2.01354634106512,99.53193167027588,0.0,0.0,0.0,0.0,0.0,1.9911512273313925,99.73545336013063,0,0.0
0.5078125,0.5234375,0.7578125,0.75,0.7890625,0.7890625,0.0,0.0,0.0,0.0,0.0,0.0,0.0,0.0,0.7578125,0.7578125,0.6328125,0.6171875,33.33333333333333,75.02310334605183,75.02310334605183,74.93828549430677,0.0,0.0,0.0,1.999256882520417,99.53193167027588,0.0,0.0,0.0,0.0,0.0,2.0103831301868595,99.73545336013063,0,0.0
0.5078125,0.5234375,0.7578125,0.75,0.7890625,0.7890625,0.0,0.0,0.0,0.0,0.0,0.0,0.0,0.0,0.7578125,0.7578125,0.6328125,0.6171875,33.33333333333333,74.93828549430677,75.02310334605183,75.02310334605183,0.0,0.0,0.0,1.9971168506905348,99.98580068096,0.0,0.0,0.0,0.0,0.0,1.996584313351328,99.8057659346235,0,0.0
0.5078125,0.5234375,0.7578125,0.75,0.7890625,0.7890625,0.0,0.0,0.0,0.0,0.0,0.0,0.0,0.0,0.7578125,0.7578125,0.6328125,0.6171875,33.33333333333333,75.02310334605183,75.02310334605183,75.02310334605183,0.0,0.0,0.0,2.00606163969302,99.53193167027588,0.0,0.0,0.0,0.0,0.0,2.017436026191458,99.8057659346235,0,0.0
0.5078125,0.5234375,0.7578125,0.75,0.7890625,0.7890625,0.0,0.0,0.0,0.0,0.0,0.0,0.0,0.0,0.7578125,0.7578125,0.6328125,0.6171875,33.33333333333333,75.02310334605183,75.02310334605183,75.02310334605183,0.0,0.0,0.0,1.9720312473799,99.69184570363598,0.0,0.0,0.0,0.0,0.0,1.995271026735869,99.8057659346235,0,0.0
0.5078125,0.5234375,0.7578125,0.75,0.7890625,0.7890625,0.0,0.0,0.0,0.0,0.0,0.0,0.0,0.0,0.7578125,0.7578125,0.6328125,0.6171875,33.33333333333333,74.93867415012744,75.02310334605183,74.93828549430677,0.0,0.0,0.0,2.01354634106512,99.53193167027588,0.0,0.0,0.0,0.0,0.0,1.9911512273313925,99.8057659346235,0,0.0
0.5078125,0.5234375,0.7578125,0.75,0.7890625,0.7890625,0.0,0.0,0.0,0.0,0.0,0.0,0.0,0.0,0.7578125,0.7578125,0.6328125,0.6171875,33.33333333333333,75.02310334605183,75.02310334605183,75.02310334605183,0.0,0.0,0.0,1.999256882520417,99.53193167027588,0.0,0.0,0.0,0.0,0.0,1.9911512273313925,99.8057659346235,0,0.0
0.5078125,0.5234375,0.7578125,0.75,0.7890625,0.7890625,0.0,0.0,0.0,0.0,0.0,0.0,0.0,0.0,0.7578125,0.7578125,0.6328125,0.6171875,33.33333333333333,75.02310334605183,75.02310334605183,75.02310334605183,0.0,0.0,0.0,2.01354634106512,99.53193167027588,0.0,0.0,0.0,0.0,0.0,1.9818692704098049,99.8057659346235,0,0.0
0.5078125,0.5234375,0.7578125,0.75,0.7890625,0.7890625,0.0,0.0,0.0,0.0,0.0,0.0,0.0,0.0,0.7578125,0.7578125,0.6328125,0.6171875,33.33333333333333,75.02310334605183,75.02310334605183,74.93828549430677,0.0,0.0,0.0,2.01354634106512,99.53193167027588,0.0,0.0,0.0,0.0,0.0,2.0103831301868595,99.8057659346235,0,0.0
0.5078125,0.5234375,0.7578125,0.75,0.7890625,0.7890625,0.0,0.0,0.0,0.0,0.0,0.0,0.0,0.0,0.7578125,0.7578125,0.6328125,0.6171875,33.33333333333333,74.93828549430677,75.02310334605183,75.02310334605183,0.0,0.0,0.0,1.999256882520417,99.53193167027588,0.0,0.0,0.0,0.0,0.0,1.9539178935341528,99.8057659346235,0,0.0
0.5078125,0.5234375,0.7578125,0.75,0.7890625,0.7890625,0.0,0.0,0.0,0.0,0.0,0.0,0.0,0.0,0.7578125,0.7578125,0.6328125,0.6171875,33.33333333333333,75.02310334605183,75.02310334605183,75.02310334605183,0.0,0.0,0.0,1.9903989179996235,99.53193167027588,0.0,0.0,0.0,0.0,0.0,1.9818692704098049,99.8057659346235,0,0.0
0.5078125,0.5234375,0.7578125,0.75,0.7890625,0.7890625,0.0,0.0,0.0,0.0,0.0,0.0,0.0,0.0,0.7578125,0.7578125,0.6328125,0.6171875,33.33333333333333,75.02310334605183,75.02310334605183,74.93828549430677,0.0,0.0,0.0,2.01354634106512,99.53193167027588,0.0,0.0,0.0,0.0,0.0,2.0103831301868595,99.8057659346235,0,0.0
0.5078125,0.5234375,0.7578125,0.75,0.7890625,0.7890625,0.0,0.0,0.0,0.0,0.0,0.0,0.0,0.0,0.7578125,0.7578125,0.6328125,0.6171875,33.33333333333333,75.02310334605183,75.02310334605183,75.02310334605183,0.0,0.0,0.0,2.025862385410075,99.53193167027588,0.0,0.0,0.0,0.0,0.0,2.007469911170902,99.8057659346235,0,0.0
0.5078125,0.5234375,0.7578125,0.75,0.7890625,0.7890625,0.0,0.0,0.0,0.0,0.0,0.0,0.0,0.0,0.7578125,0.7578125,0.6328125,0.6171875,33.33333333333333,74.93828549430677,75.02310334605183,75.02310334605183,0.0,0.0,0.0,2.01354634106512,99.53193167027588,0.0,0.0,0.0,0.0,0.0,1.9539178935341528,99.8057659346235,0,0.0
0.5078125,0.5234375,0.7578125,0.75,0.7890625,0.7890625,0.0,0.0,0.0,0.0,0.0,0.0,0.0,0.0,0.7578125,0.7578125,0.6328125,0.6171875,33.33333333333333,75.02310334605183,75.02310334605183,74.93867415012744,0.0,0.0,0.0,1.999256882520417,99.53193167027588,0.0,0.0,0.0,0.0,0.0,1.9911512273313925,99.8057659346235,0,0.0
0.5078125,0.5234375,0.7578125,0.75,0.7890625,0.7890625,0.0,0.0,0.0,0.0,0.0,0.0,0.0,0.0,0.7578125,0.7734375,0.640625,0.6484375,33.33333333333333,75.02310334605183,75.02310334605183,75.02310334605183,0.0,0.0,0.0,2.00606163969302,99.51849263851312,0.0,0.0,0.0,0.0,0.0,2.017436026191458,99.8057659346235,0,0.0
0.5078125,0.5234375,0.7578125,0.75,0.7890625,0.7890625,0.0,0.0,0.0,0.0,0.0,0.0,0.0,0.0,0.7578125,0.7734375,0.640625,0.6484375,33.33333333333333,75.02310334605183,75.02310334605183,75.02310334605183,0.0,0.0,0.0,2.01354634106512,99.53193167027588,0.0,0.0,0.0,0.0,0.0,1.9539178935341528,99.8057659346235,0,0.0
0.5078125,0.5234375,0.7578125,0.75,0.7890625,0.7890625,0.0,0.0,0.0,0.0,0.0,0.0,0.0,0.0,0.7578125,0.7734375,0.640625,0.6484375,33.33333333333333,74.87968292788733,74.87968292788733,74.87968292788733,0.0,0.0,0.0,1.9987708657978367,99.53193167027588,0.0,0.0,0.0,0.0,0.0,2.012389621435492,99.71573013233804,0,0.0
0.5078125,0.5234375,0.7578125,0.75,0.7890625,0.7890625,0.0,0.0,0.0,0.0,0.0,0.0,0.0,0.0,0.7578125,0.7734375,0.640625,0.6484375,33.33333333333333,74.87968292788733,74.87968292788733,74.87968292788733,0.0,0.0,0.0,2.0308775515633086,99.53193167027588,0.0,0.0,0.0,0.0,0.0,1.989274104891047,99.71573013233804,0,0.0
0.5078125,0.5234375,0.7578125,0.75,0.7890625,0.7890625,0.0,0.0,0.0,0.0,0.0,0.0,0.0,0.0,0.7578125,0.7734375,0.640625,0.6484375,33.33333333333333,74.87968292788733,74.87968292788733,74.87968292788733,0.0,0.0,0.0,1.9733521124445492,99.53193167027588,0.0,0.0,0.0,0.0,0.0,2.012389621435492,99.71573013233804,0,0.0
0.5078125,0.5234375,0.7578125,0.75,0.7890625,0.7890625,0.0,0.0,0.0,0.0,0.0,0.0,0.0,0.0,0.7578125,0.7734375,0.640625,0.6484375,33.33333333333333,74.87968292788733,74.9483406906183,74.87968292788733,0.0,0.0,0.0,1.989715113364405,99.53193167027588,0.0,0.0,0.0,0.0,0.0,1.989274104891047,99.71573013233804,0,0.0
0.5078125,0.5234375,0.7578125,0.75,0.7890625,0.7890625,0.0,0.0,0.0,0.0,0.0,0.0,0.0,0.0,0.7578125,0.7734375,0.640625,0.6484375,33.33333333333333,74.87968292788733,74.87968292788733,74.87968292788733,0.0,0.0,0.0,1.989715113364405,99.53193167027588,0.0,0.0,0.0,0.0,0.0,1.9847099968393915,99.795124044161,0,0.0
0.5078125,0.5234375,0.7578125,0.75,0.7890625,0.7890625,0.0,0.0,0.0,0.0,0.0,0.0,0.0,0.0,0.7578125,0.7734375,0.640625,0.6484375,33.33333333333333,74.9483406906183,74.87968292788733,74.87968292788733,0.0,0.0,0.0,2.0308775515633086,99.53193167027588,0.0,0.0,0.0,0.0,0.0,1.9927720932620296,99.795124044161,0,0.0
0.5078125,0.5234375,0.7578125,0.75,0.7890625,0.7890625,0.0,0.0,0.0,0.0,0.0,0.0,0.0,0.0,0.7578125,0.7734375,0.640625,0.6484375,33.33333333333333,74.87968292788733,74.87968292788733,74.9483406906183,0.0,0.0,0.0,2.0308775515633086,99.53193167027588,0.0,0.0,0.0,0.0,0.0,1.9931783275744424,99.795124044161,0,0.0
0.5078125,0.5234375,0.7578125,0.75,0.7890625,0.7890625,0.0,0.0,0.0,0.0,0.0,0.0,0.0,0.0,0.7578125,0.7734375,0.640625,0.6484375,33.33333333333333,74.87968292788733,74.87968292788733,74.87968292788733,0.0,0.0,0.0,1.989715113364405,99.53193167027588,0.0,0.0,0.0,0.0,0.0,2.009038797309642,99.795124044161,0,0.0
0.5078125,0.5234375,0.7578125,0.75,0.7890625,0.7890625,0.0,0.0,0.0,0.0,0.0,0.0,0.0,0.0,0.7578125,0.7734375,0.640625,0.6484375,33.33333333333333,74.87968292788733,74.87968292788733,74.87968292788733,0.0,0.0,0.0,2.031126299731289,99.53193167027588,0.0,0.0,0.0,0.0,0.0,1.9847099968393915,99.795124044161,0,0.0
0.5078125,0.5234375,0.7578125,0.75,0.7890625,0.7890625,0.0,0.0,0.0,0.0,0.0,0.0,0.0,0.0,0.7578125,0.7734375,0.640625,0.6484375,33.33333333333333,74.87968292788733,74.87968292788733,74.87968292788733,0.0,0.0,0.0,1.9987708657978367,99.53193167027588,0.0,0.0,0.0,0.0,0.0,1.9931783275744424,99.795124044161,0,0.0
0.5078125,0.5234375,0.7578125,0.75,0.7890625,0.7890625,0.0,0.0,0.0,0.0,0.0,0.0,0.0,0.0,0.7578125,0.7734375,0.640625,0.6484375,33.33333333333333,74.87968292788733,74.9628572491976,74.87968292788733,0.0,0.0,0.0,1.989715113364405,99.53193167027588,0.0,0.0,0.0,0.0,0.0,1.9927720932620296,99.795124044161,0,0.0
0.5078125,0.5234375,0.7578125,0.75,0.7890625,0.7890625,0.0,0.0,0.0,0.0,0.0,0.0,0.0,0.0,0.7578125,0.7734375,0.640625,0.6484375,33.33333333333333,74.9483406906183,74.9483406906183,74.9483406906183,0.0,0.0,0.0,2.0308775515633086,99.53193167027588,0.0,0.0,0.0,0.0,0.0,1.9847099968393915,99.795124044161,0,0.0
0.5078125,0.5234375,0.7578125,0.75,0.7890625,0.7890625,0.0,0.0,0.0,0.0,0.0,0.0,0.0,0.0,0.7578125,0.7734375,0.640625,0.6484375,33.33333333333333,74.87968292788733,74.87968292788733,74.87968292788733,0.0,0.0,0.0,2.0308775515633086,99.53193167027588,0.0,0.0,0.0,0.0,0.0,1.9931783275744424,99.795124044161,0,0.0
0.5078125,0.5234375,0.7578125,0.75,0.7890625,0.7890625,0.0,0.0,0.0,0.0,0.0,0.0,0.0,0.0,0.7578125,0.7734375,0.640625,0.6484375,33.33333333333333,74.87968292788733,74.87968292788733,74.87968292788733,0.0,0.0,0.0,1.989715113364405,99.53193167027588,0.0,0.0,0.0,0.0,0.0,2.009038797309642,99.795124044161,0,0.0
0.5078125,0.5234375,0.7578125,0.75,0.7890625,0.7890625,0.0,0.0,0.0,0.0,0.0,0.0,0.0,0.0,0.7578125,0.7734375,0.640625,0.6484375,33.33333333333333,74.87968292788733,74.87968292788733,74.87968292788733,0.0,0.0,0.0,1.9733521124445492,99.53193167027588,0.0,0.0,0.0,0.0,0.0,1.9931783275744424,99.795124044161,0,0.0
0.5078125,0.5234375,0.7578125,0.75,0.7890625,0.7890625,0.0,0.0,0.0,0.0,0.0,0.0,0.0,0.0,0.7578125,0.7734375,0.640625,0.6484375,33.33333333333333,74.87968292788733,74.87968292788733,74.87968292788733,0.0,0.0,0.0,2.0308775515633086,99.53193167027588,0.0,0.0,0.0,0.0,0.0,1.9847099968393915,99.795124044161,0,0.0
0.5078125,0.5234375,0.7578125,0.75,0.7890625,0.7890625,0.0,0.0,0.0,0.0,0.0,0.0,0.0,0.0,0.7578125,0.7734375,0.640625,0.6484375,33.33333333333333,74.87968292788733,74.87968292788733,74.87968292788733,0.0,0.0,0.0,1.989715113364405,99.53193167027588,0.0,0.0,0.0,0.0,0.0,1.9931783275744424,99.795124044161,0,0.0
0.5078125,0.5234375,0.7578125,0.75,0.7890625,0.7890625,0.0,0.0,0.0,0.0,0.0,0.0,0.0,0.0,0.7578125,0.7734375,0.640625,0.6484375,33.33333333333333,74.9628572491976,74.87968292788733,74.87968292788733,0.0,0.0,0.0,2.0308775515633086,99.53193167027588,0.0,0.0,0.0,0.0,0.0,1.9927720932620296,99.795124044161,0,0.0
0.5078125,0.5234375,0.7578125,0.75,0.7890625,0.7890625,0.0,0.0,0.0,0.0,0.0,0.0,0.0,0.0,0.7578125,0.7734375,0.640625,0.6484375,33.33333333333333,74.87968292788733,74.9483406906183,74.87968292788733,0.0,0.0,0.0,1.989715113364405,99.53193167027588,0.0,0.0,0.0,0.0,0.0,1.9931783275744424,99.795124044161,0,0.0
0.5078125,0.5234375,0.7578125,0.75,0.7890625,0.7890625,0.0,0.0,0.0,0.0,0.0,0.0,0.0,0.0,0.7578125,0.7734375,0.640625,0.6484375,33.33333333333333,74.87968292788733,74.87968292788733,74.87968292788733,0.0,0.0,0.0,2.0308775515633086,99.53193167027588,0.0,0.0,0.0,0.0,0.0,1.9847099968393915,99.795124044161,0,0.0
0.5078125,0.5234375,0.7578125,0.75,0.7890625,0.7890625,0.0,0.0,0.0,0.0,0.0,0.0,0.0,0.0,0.7578125,0.7734375,0.640625,0.6484375,33.33333333333333,75.12284774113786,75.09946440045513,75.09946440045513,0.0,0.0,0.0,1.9834012296938992,99.53193167027588,0.0,0.0,0.0,0.0,0.0,1.9850183672153447,99.795124044161,0,0.0
0.5078125,0.5234375,0.7578125,0.75,0.7890625,0.7890625,0.0,0.0,0.0,0.0,0.0,0.0,0.0,0.0,0.7578125,0.7734375,0.640625,0.6484375,33.33333333333333,75.09946440045513,75.09946440045513,75.09946440045513,0.0,0.0,0.0,1.9854321963346315,99.90899486767636,0.0,0.0,0.0,0.0,0.0,1.990101390402493,99.795124044161,0,0.0
0.5078125,0.5234375,0.7578125,0.75,0.7890625,0.7890625,0.0,0.0,0.0,0.0,0.0,0.0,0.0,0.0,0.7578125,0.7734375,0.640625,0.6484375,33.33333333333333,75.09946440045513,75.09946440045513,75.09946440045513,0.0,0.0,0.0,1.9854321963346315,99.90899486767636,0.0,0.0,0.0,0.0,0.0,1.9944236281312224,99.795124044161,0,0.0
0.5078125,0.5234375,0.7578125,0.75,0.7890625,0.7890625,0.0,0.0,0.0,0.0,0.0,0.0,0.0,0.0,0.7578125,0.7734375,0.640625,0.6484375,33.33333333333333,75.09946440045513,75.09946440045513,75.09946440045513,0.0,0.0,0.0,1.989645490927274,99.90899486767636,0.0,0.0,0.0,0.0,0.0,2.0108043277733008,99.795124044161,0,0.0
0.5078125,0.5234375,0.7578125,0.75,0.7890625,0.7890625,0.0,0.0,0.0,0.0,0.0,0.0,0.0,0.0,0.7578125,0.7734375,0.640625,0.6484375,33.33333333333333,75.09946440045513,75.12284774113786,75.09946440045513,0.0,0.0,0.0,1.9854321963346315,99.90899486767636,0.0,0.0,0.0,0.0,0.0,2.014736838052534,99.9019728293144,0,0.0
0.5078125,0.5234375,0.7578125,0.75,0.7890625,0.7890625,0.0,0.0,0.0,0.0,0.0,0.0,0.0,0.0,0.7578125,0.7734375,0.640625,0.6484375,33.33333333333333,75.12284774113786,75.09946440045513,75.09946440045513,0.0,0.0,0.0,1.991214498720297,99.90899486767636,0.0,0.0,0.0,0.0,0.0,1.990101390402493,99.9019728293144,0,0.0
0.5078125,0.5234375,0.7578125,0.75,0.7890625,0.7890625,0.0,0.0,0.0,0.0,0.0,0.0,0.0,0.0,0.7578125,0.7734375,0.640625,0.6484375,33.33333333333333,75.09946440045513,75.09946440045513,75.09946440045513,0.0,0.0,0.0,1.9902518596446248,99.90899486767636,0.0,0.0,0.0,0.0,0.0,1.990101390402493,99.9019728293144,0,0.0
0.5078125,0.5234375,0.7578125,0.75,0.7890625,0.7890625,0.0,0.0,0.0,0.0,0.0,0.0,0.0,0.0,0.7578125,0.7734375,0.640625,0.6484375,33.33333333333333,75.09946440045513,75.09946440045513,75.09946440045513,0.0,0.0,0.0,1.989645490927274,99.90899486767636,0.0,0.0,0.0,0.0,0.0,1.990101390402493,99.9019728293144,0,0.0
0.5078125,0.5234375,0.7578125,0.75,0.7890625,0.7890625,0.0,0.0,0.0,0.0,0.0,0.0,0.0,0.0,0.7578125,0.7734375,0.640625,0.6484375,33.33333333333333,75.09946440045513,75.09946440045513,75.09946440045513,0.0,0.0,0.0,1.989645490927274,99.90899486767636,0.0,0.0,0.0,0.0,0.0,2.0108043277733008,99.9019728293144,0,0.0
0.5078125,0.5234375,0.7578125,0.75,0.7890625,0.7890625,0.0,0.0,0.0,0.0,0.0,0.0,0.0,0.0,0.7578125,0.7734375,0.640625,0.6484375,33.33333333333333,75.09946440045513,75.12284774113786,75.12284774113786,0.0,0.0,0.0,1.989645490927274,99.90899486767636,0.0,0.0,0.0,0.0,0.0,1.990101390402493,99.9019728293144,0,0.0
0.5078125,0.5234375,0.7578125,0.75,0.7890625,0.7890625,0.0,0.0,0.0,0.0,0.0,0.0,0.0,0.0,0.7578125,0.7734375,0.640625,0.6484375,33.33333333333333,75.09946440045513,75.09946440045513,75.09946440045513,0.0,0.0,0.0,1.991214498720297,99.90899486767636,0.0,0.0,0.0,0.0,0.0,1.9848528153531315,99.9019728293144,0,0.0
0.5078125,0.5234375,0.7578125,0.75,0.7890625,0.7890625,0.0,0.0,0.0,0.0,0.0,0.0,0.0,0.0,0.7578125,0.7734375,0.640625,0.6484375,33.33333333333333,75.09946440045513,75.09946440045513,75.09946440045513,0.0,0.0,0.0,1.9854321963346315,99.90899486767636,0.0,0.0,0.0,0.0,0.0,1.990101390402493,99.9019728293144,0,0.0
0.5078125,0.5234375,0.7578125,0.75,0.7890625,0.7890625,0.0,0.0,0.0,0.0,0.0,0.0,0.0,0.0,0.7578125,0.7734375,0.640625,0.6484375,33.33333333333333,75.09946440045513,75.09946440045513,75.09946440045513,0.0,0.0,0.0,1.991214498720297,99.90899486767636,0.0,0.0,0.0,0.0,0.0,2.014736838052534,99.9019728293144,0,0.0
0.5078125,0.5234375,0.7578125,0.75,0.7890625,0.7890625,0.0,0.0,0.0,0.0,0.0,0.0,0.0,0.0,0.7578125,0.7734375,0.640625,0.6484375,33.33333333333333,75.09946440045513,75.09946440045513,75.12284774113786,0.0,0.0,0.0,1.989645490927274,99.90899486767636,0.0,0.0,0.0,0.0,0.0,1.9848528153531315,99.9019728293144,0,0.0
0.5078125,0.5234375,0.7578125,0.75,0.7890625,0.7890625,0.0,0.0,0.0,0.0,0.0,0.0,0.0,0.0,0.7578125,0.7734375,0.640625,0.6484375,33.33333333333333,75.12284774113786,75.0459367794006,75.09946440045513,0.0,0.0,0.0,1.9854321963346315,99.90899486767636,0.0,0.0,0.0,0.0,0.0,1.990101390402493,99.9019728293144,0,0.0
0.5078125,0.5234375,0.7578125,0.75,0.7890625,0.7890625,0.0,0.0,0.0,0.0,0.0,0.0,0.0,0.0,0.7578125,0.7734375,0.640625,0.6484375,33.33333333333333,75.09946440045513,75.09946440045513,75.09946440045513,0.0,0.0,0.0,2.014089771008988,99.90899486767636,0.0,0.0,0.0,0.0,0.0,2.0251027714312,99.9019728293144,0,0.0
0.5078125,0.5234375,0.7578125,0.75,0.7890625,0.7890625,0.0,0.0,0.0,0.0,0.0,0.0,0.0,0.0,0.7578125,0.7734375,0.640625,0.6484375,33.33333333333333,75.09946440045513,75.09946440045513,75.09946440045513,0.0,0.0,0.0,1.989645490927274,99.90899486767636,0.0,0.0,0.0,0.0,0.0,1.9969254856210783,99.9019728293144,0,0.0
0.5078125,0.5234375,0.7578125,0.75,0.7890625,0.7890625,0.0,0.0,0.0,0.0,0.0,0.0,0.0,0.0,0.7578125,0.7734375,0.640625,0.6484375,33.33333333333333,75.09946440045513,75.09946440045513,75.12284774113786,0.0,0.0,0.0,1.9917287904026213,99.68566622085004,0.0,0.0,0.0,0.0,0.0,1.9848528153531315,99.9019728293144,0,0.0
0.5078125,0.5234375,0.7578125,0.75,0.7890625,0.7890625,0.0,0.0,0.0,0.0,0.0,0.0,0.0,0.0,0.7578125,0.7734375,0.640625,0.6484375,33.33333333333333,75.09946440045513,75.09946440045513,75.09946440045513,0.0,0.0,0.0,1.9902518596446248,99.68566622085004,0.0,0.0,0.0,0.0,0.0,1.990101390402493,99.9019728293144,0,0.0
0.5078125,0.5234375,0.7578125,0.75,0.7890625,0.7890625,0.0,0.0,0.0,0.0,0.0,0.0,0.0,0.0,0.7578125,0.7734375,0.640625,0.6484375,33.33333333333333,75.09946440045513,75.09946440045513,75.09946440045513,0.0,0.0,0.0,1.9854321963346315,99.90899486767636,0.0,0.0,0.0,0.0,0.0,1.990101390402493,99.9019728293144,0,0.0
0.5078125,0.5234375,0.7578125,0.75,0.7890625,0.7890625,0.0,0.0,0.0,0.0,0.0,0.0,0.0,0.0,0.7578125,0.7734375,0.640625,0.6484375,33.33333333333333,74.9355716004538,75.00436838406937,75.00809917978832,0.0,0.0,0.0,1.9953066735261504,99.9298417241326,0.0,0.0,0.0,0.0,0.0,1.9558845991829823,99.9019728293144,0,0.0
0.5078125,0.5234375,0.7578125,0.75,0.7890625,0.7890625,0.0,0.0,0.0,0.0,0.0,0.0,0.0,0.0,0.7578125,0.7734375,0.640625,0.6484375,33.33333333333333,74.9355716004538,74.9355716004538,74.9355716004538,-1.968520295222006,2.503949813501208,-0.2414621122894375,1.9825034566593744,99.9298417241326,0.0,-0.6269882787296631,0.0,0.0,0.0,1.9805915589303755,99.9019728293144,0,0.0
0.5078125,0.5234375,0.7578125,0.75,0.7890625,0.7890625,0.0,0.0,0.0,0.0,0.0,0.0,0.0,0.0,0.7578125,0.7734375,0.640625,0.6484375,33.33333333333333,75.00436838406937,74.9355716004538,74.9355716004538,-4.654258474202078,6.323980164755279,-2.815627436510438,2.009761566398456,99.9298417241326,0.0,2.550439058245093,0.0,0.0,0.0,1.9854549542572,99.9019728293144,0,0.0
0.5078125,0.5234375,0.7578125,0.75,0.7890625,0.7890625,0.0,0.0,0.0,0.0,0.0,0.0,0.0,0.0,0.7578125,0.7734375,0.640625,0.6484375,33.33333333333333,74.9355716004538,75.00809917978832,75.00436838406937,-4.003391236229234,6.270645583732452,-3.9821904978174487,2.009761566398456,99.9298417241326,0.0,4.612291331350007,0.0,0.0,0.0,1.9854549542572,99.9019728293144,0,0.0
0.5078125,0.5234375,0.7578125,0.75,0.7890625,0.7890625,0.0,0.0,0.0,0.0,0.0,0.0,0.0,0.0,0.7578125,0.7734375,0.640625,0.6484375,33.33333333333333,74.9355716004538,74.9355716004538,74.9355716004538,-2.8560534368529558,5.15732906493619,-4.8641473450443735,2.015045125195589,99.9298417241326,0.0,6.296697746522607,0.0,0.0,0.0,1.9895338919076675,99.66357720151578,0,0.0
0.5078125,0.5234375,0.7578125,0.75,0.7890625,0.7890625,0.0,0.0,0.0,0.0,0.0,0.0,0.0,0.0,0.7578125,0.7734375,0.640625,0.6484375,33.33333333333333,75.00436838406937,74.9355716004538,74.9355716004538,-1.6458480155630928,3.423581458809523,-5.4510148892752,2.0030124996152336,99.9298417241326,0.0,7.262247553771637,0.0,0.0,0.0,1.9854549542572,99.66357720151578,0,0.0
0.5078125,0.5234375,0.7578125,0.75,0.7890625,0.7890625,0.0,0.0,0.0,0.0,0.0,0.0,0.0,0.0,0.7578125,0.7734375,0.640625,0.6484375,33.33333333333333,74.9355716004538,74.9355716004538,75.00436838406937,-0.3117942938832312,1.191426201263725,-4.289902458204851,2.0128684289662098,99.9298417241326,0.0,5.558818093907934,0.0,0.0,0.0,1.9999390423602,99.66357720151578,0,0.0
0.5078125,0.5234375,0.7578125,0.75,0.7890625,0.7890625,0.0,0.0,0.0,0.0,0.0,0.0,0.0,0.0,0.7578125,0.7734375,0.640625,0.6484375,33.33333333333333,74.9355716004538,74.9355716004538,74.9355716004538,1.9491680032468115,-2.683141092384913,-1.8241843347171407,2.012322406768194,99.83450568540944,90.1426163131908,2.243338172858311,0.0,0.0,0.0,1.9965714440820603,99.66357720151578,0,0.0
0.5078125,0.5234375,0.7578125,0.75,0.7890625,0.7890625,0.0,0.0,0.0,0.0,0.0,0.0,0.0,0.0,0.7578125,0.7734375,0.640625,0.6484375,33.33333333333333,75.00436838406937,74.9355716004538,74.9355716004538,3.4509102760154966,-4.746981773136706,-2.977601711747529,1.998946891534632,99.83450568540944,90.1426163131908,3.670525853925506,0.0,0.0,0.0,2.020574051959283,99.66357720151578,0,0.0
0.5078125,0.5234375,0.7578125,0.75,0.7890625,0.7890625,0.0,0.0,0.0,0.0,0.0,0.0,0.0,0.0,0.7578125,0.7734375,0.640625,0.6484375,33.33333333333333,74.9355716004538,74.9355716004538,74.9355716004538,0.0,0.0,0.0,1.998946891534632,99.83450568540944,90.1426163131908,0.0,0.0,0.0,0.0,2.0184382016694427,99.66357720151578,0,0.0
0.5078125,0.5234375,0.7578125,0.75,0.7890625,0.7890625,0.0,0.0,0.0,0.0,0.0,0.0,0.0,0.0,0.7578125,0.7734375,0.640625,0.6484375,33.33333333333333,74.9355716004538,74.9355716004538,74.9355716004538,0.0,0.0,0.0,1.998946891534632,99.83450568540944,90.1426163131908,0.0,0.0,0.0,0.0,2.020574051959283,99.66357720151578,0,0.0
0.5078125,0.5234375,0.7578125,0.75,0.7890625,0.7890625,0.0,0.0,0.0,0.0,0.0,0.0,0.0,0.0,0.7578125,0.7734375,0.640625,0.6484375,33.33333333333333,75.00436838406937,74.9355716004538,74.9355716004538,0.0,0.0,0.0,2.009761566398456,99.83450568540944,90.1426163131908,0.0,0.0,0.0,0.0,1.9854549542572,99.66357720151578,0,0.0
0.5078125,0.5234375,0.7578125,0.75,0.7890625,0.7890625,0.0,0.0,0.0,0.0,0.0,0.0,0.0,0.0,0.7578125,0.7734375,0.640625,0.6484375,33.33333333333333,74.9355716004538,74.9355716004538,74.9355716004538,-1.457038969406646,1.3945990998355091,1.2090671632753591,2.009761566398456,99.83450568540944,90.1426163131908,-1.430646965924992,0.0,0.0,0.0,2.0186466249140738,99.66357720151578,0,0.0
0.5078125,0.5234375,0.7578125,0.75,0.7890625,0.7890625,0.0,0.0,0.0,0.0,0.0,0.0,0.0,0.0,0.7578125,0.7734375,0.640625,0.6484375,33.33333333333333,74.9355716004538,75.00436838406937,74.9355716004538,-4.193285928355626,4.734201660618151,3.235934202983317,2.008365018888317,99.95943940226574,90.38928112639836,-3.745613867564344,0.0,0.0,0.0,1.9862749278566367,99.66357720151578,0,0.0
0.5078125,0.5234375,0.7578125,0.75,0.7890625,0.7890625,0.0,0.0,0.0,0.0,0.0,0.0,0.0,0.0,0.7578125,0.7734375,0.640625,0.6484375,33.33333333333333,75.00436838406937,74.9355716004538,74.9355716004538,-0.5267602362856035,0.3379891597202599,2.273865330234049,2.009761566398456,99.95943940226574,90.38928112639836,-2.7574841377916144,0.0,0.0,0.0,1.9854549542572,99.66357720151578,0,0.0
0.5078125,0.5234375,0.7578125,0.75,0.7890625,0.7890625,0.0,0.0,0.0,0.0,0.0,0.0,0.0,0.0,0.7578125,0.7734375,0.640625,0.6484375,33.33333333333333,74.9355716004538,74.9355716004538,74.9355716004538,1.2630729136747354,-2.179086975999238,5.347116550495101,1.9825034566593744,99.95943940226574,90.38928112639836,-6.919654965682221,0.0,0.0,0.0,1.9999390423602,99.66357720151578,0,0.0
0.5078125,0.5234375,0.7578125,0.75,0.7890625,0.7890625,0.0,0.0,0.0,0.0,0.0,0.0,0.0,0.0,0.7578125,0.7734375,0.640625,0.6484375,33.33333333333333,74.9355716004538,75.00436838406937,75.00436838406937,2.515618907450953,-4.081553568744922,5.05088378747761,2.009761566398456,99.95943940226574,90.38928112639836,-6.790571772178729,0.0,0.0,0.0,1.9895338919076675,99.66357720151578,0,0.0
0.5078125,0.5234375,0.7578125,0.75,0.7890625,0.7890625,0.0,0.0,0.0,0.0,0.0,0.0,0.0,0.0,0.7578125,0.7734375,0.640625,0.6484375,33.33333333333333,75.00809917978832,74.9355716004538,74.9355716004538,3.674485446702608,-5.613969932202616,4.235819650184859,2.015045125195589,99.95943940226574,90.38928112639836,-5.634843054908269,0.0,0.0,0.0,1.9999390423602,99.66357720151578,0,0.0
0.5078125,0.5078125,0.7578125,0.75,0.7890625,0.7890625,0.0,0.0,0.0,0.0,0.0,0.0,0.0,0.0,0.7578125,0.7734375,0.640625,0.6484375,33.33333333333333,74.9355716004538,74.9355716004538,74.9355716004538,4.632446145165424,-6.471481795491138,3.18608950774623,2.0030124996152336,99.95943940226574,90.38928112639836,-3.866178909330305,0.0,0.0,0.0,2.0186466249140738,99.66357720151578,0,0.0
0.5078125,0.5078125,0.7578125,0.75,0.7890625,0.7890625,0.0,0.0,0.0,0.0,0.0,0.0,0.0,0.0,0.7578125,0.7734375,0.640625,0.6484375,33.33333333333333,74.9355716004538,75.00809917978832,74.9355716004538,3.646563074775812,-4.745067590592571,1.8447960616661645,2.020236259318501,99.95943940226574,90.38928112639836,-1.5955760833680344,0.0,0.0,0.0,1.9999390423602,99.66357720151578,0,0.0
0.5078125,0.5078125,0.7578125,0.75,0.7890625,0.7890625,0.0,0.0,0.0,0.0,0.0,0.0,0.0,0.0,0.7578125,0.7734375,0.640625,0.6484375,33.33333333333333,75.20657839825746,75.20657839825746,75.20657839825746,1.1000534957680803,-1.3012867025940928,-1.059920545097119,2.00230273611038,99.95943940226574,90.38928112639836,1.6216994564376075,0.0,0.0,0.0,2.016408267744481,99.66357720151578,0,0.0
0.5078125,0.5078125,0.7578125,0.75,0.7890625,0.7890625,0.0,0.0,0.0,0.0,0.0,0.0,0.0,0.0,0.7578125,0.7734375,0.640625,0.6484375,33.33333333333333,75.20657839825746,75.20657839825746,75.20657839825746,3.2249406697779133,-3.620794348773152,-4.3075046202644,2.04097453273599,99.74723675006268,90.38928112639836,5.388394520257483,0.0,0.0,0.0,1.9954498994518497,99.8572603322446,0,0.0
0.5078125,0.5078125,0.7578125,0.75,0.7890625,0.7890625,0.0,0.0,0.0,0.0,0.0,0.0,0.0,0.0,0.7578125,0.7734375,0.640625,0.6484375,33.33333333333333,74.79292636998538,75.20657839825746,75.20657839825746,0.7753984938207155,-0.9264417431378464,-0.8255988109016803,1.9962906370150744,99.74723675006268,90.38928112639836,1.350363874988752,0.0,0.0,0.0,1.9692035250874007,99.7816499622879,0,0.0
0.5078125,0.5078125,0.7578125,0.75,0.7890625,0.7890625,0.0,0.0,0.0,0.0,0.0,0.0,0.0,0.0,0.7578125,0.7734375,0.640625,0.6484375,33.33333333333333,75.20657839825746,74.98425793344482,74.98425793344482,0.0,0.0,0.0,2.008930551199112,99.82176509309276,89.59951232055316,0.0,0.0,0.0,0.0,2.0101598688943603,99.7816499622879,0,0.0
0.5078125,0.5078125,0.7578125,0.75,0.7890625,0.7890625,0.0,0.0,0.0,0.0,0.0,0.0,0.0,0.0,0.7578125,0.7734375,0.640625,0.6484375,33.33333333333333,75.20657839825746,75.20657839825746,75.20657839825746,0.0,0.0,0.0,2.008930551199112,99.82176509309276,0.0,0.0,0.0,0.0,0.0,2.0,99.7816499622879,0,0.0
0.5078125,0.5078125,0.7578125,0.75,0.7890625,0.7890625,0.0,0.0,0.0,0.0,0.0,0.0,0.0,0.0,0.7578125,0.7734375,0.640625,0.6484375,33.33333333333333,75.20657839825746,75.20657839825746,75.20657839825746,0.0,0.0,0.0,2.00230273611038,99.7769475255405,0.0,0.0,0.0,0.0,0.0,1.9987518292489972,99.59827586058285,0,0.0
0.5078125,0.5078125,0.7578125,0.75,0.7890625,0.7890625,0.0,0.0,0.0,0.0,0.0,0.0,0.0,0.0,0.7578125,0.7734375,0.640625,0.6484375,33.33333333333333,75.20657839825746,75.20657839825746,74.79292636998538,-1.4974660150324104,1.6521245627329817,1.8585918531707315,2.00230273611038,99.7769475255405,0.0,-2.0833590801190995,0.0,0.0,0.0,1.9954498994518497,99.84864148594654,0,0.0
0.5078125,0.5078125,0.7578125,0.75,0.7890625,0.7890625,0.0,0.0,0.0,0.0,0.0,0.0,0.0,0.0,0.7578125,0.7734375,0.640625,0.6484375,33.33333333333333,75.20657839825746,75.20657839825746,75.20657839825746,-3.12438707536359,3.387616387346603,4.394528123432263,2.0054244365241605,99.7769475255405,0.0,-5.103640383917737,0.0,0.0,0.0,2.0213125396273104,99.84864148594654,0,0.0
0.5078125,0.5078125,0.7578125,0.75,0.7890625,0.7890625,0.0,0.0,0.0,0.0,0.0,0.0,0.0,0.0,0.7578125,0.7734375,0.640625,0.6484375,33.33333333333333,75.20657839825746,74.79292636998538,75.20657839825746,0.0,0.0,0.0,2.0025832201840967,99.7769475255405,0.0,0.0,0.0,0.0,0.0,2.032810411349473,99.84864148594654,0,0.0
0.5078125,0.5078125,0.7578125,0.75,0.7890625,0.7890625,0.0,0.0,0.0,0.0,0.0,0.0,0.0,0.0,0.7578125,0.7734375,0.640625,0.6484375,33.33333333333333,75.20657839825746,75.20657839825746,75.20657839825746,0.0,0.0,0.0,2.022871002897001,99.7769475255405,0.0,0.0,0.0,0.0,0.0,2.020007841712626,99.75173038235538,0,0.0
0.5078125,0.5078125,0.7578125,0.75,0.7890625,0.7890625,0.0,0.0,0.0,0.0,0.0,0.0,0.0,0.0,0.7578125,0.7734375,0.640625,0.6484375,33.33333333333333,74.79292636998538,75.20657839825746,75.20657839825746,0.0,0.0,0.0,2.0086067386606694,99.7769475255405,0.0,0.0,0.0,0.0,0.0,2.0101598688943603,99.75173038235538,0,0.0
0.5078125,0.5078125,0.7578125,0.75,0.7890625,0.7890625,0.0,0.0,0.0,0.0,0.0,0.0,0.0,0.0,0.7578125,0.7734375,0.640625,0.6484375,33.33333333333333,75.20657839825746,75.20657839825746,75.20657839825746,0.0,0.0,0.0,2.0025832201840967,99.7769475255405,0.0,0.0,0.0,0.0,0.0,2.032810411349473,99.75173038235538,0,0.0
0.5078125,0.5078125,0.7578125,0.75,0.7890625,0.7890625,0.0,0.0,0.0,0.0,0.0,0.0,0.0,0.0,0.7578125,0.7734375,0.640625,0.6484375,33.33333333333333,75.20657839825746,74.79292636998538,75.20657839825746,0.0,0.0,0.0,2.0025832201840967,99.7769475255405,0.0,0.0,0.0,0.0,0.0,2.0123948326009464,99.75173038235538,0,0.0
0.5078125,0.5078125,0.7578125,0.75,0.7890625,0.7890625,0.0,0.0,0.0,0.0,0.0,0.0,0.0,0.0,0.7578125,0.7734375,0.640625,0.6484375,33.33333333333333,75.20657839825746,75.20657839825746,75.20657839825746,0.0,0.0,0.0,2.006849803638404,99.7461933924194,0.0,0.0,0.0,0.0,0.0,2.0068855432722907,99.75173038235538,0,0.0
0.5078125,0.5078125,0.7578125,0.75,0.7890625,0.7890625,0.0,0.0,0.0,0.0,0.0,0.0,0.0,0.0,0.7578125,0.7734375,0.640625,0.6484375,33.33333333333333,74.79292636998538,75.20657839825746,74.79292636998538,0.0,0.0,0.0,2.0025832201840967,99.7461933924194,0.0,0.0,0.0,0.0,0.0,2.032810411349473,99.75173038235538,0,0.0
0.5078125,0.5078125,0.7578125,0.75,0.7890625,0.7890625,0.0,0.0,0.0,0.0,0.0,0.0,0.0,0.0,0.7578125,0.7734375,0.640625,0.6484375,33.33333333333333,75.20657839825746,75.20657839825746,75.20657839825746,0.0,0.0,0.0,1.975114852983996,99.57782067689394,0.0,0.0,0.0,0.0,0.0,2.003658508429827,99.75173038235538,0,0.0
0.5078125,0.5078125,0.7578125,0.75,0.7890625,0.7890625,0.0,0.0,0.0,0.0,0.0,0.0,0.0,0.0,0.7578125,0.7734375,0.640625,0.6484375,33.33333333333333,74.98425793344482,74.98425793344482,75.20657839825746,0.0,0.0,0.0,2.006286962081054,99.57782067689394,0.0,0.0,0.0,0.0,0.0,1.9943442171022745,99.61939268525894,0,0.0
0.5078125,0.5078125,0.7578125,0.75,0.7890625,0.7890625,0.0,0.0,0.0,0.0,0.0,0.0,0.0,0.0,0.7578125,0.7734375,0.640625,0.6484375,33.33333333333333,75.20657839825746,75.20657839825746,75.20657839825746,0.0,0.0,0.0,2.0025832201840967,99.57782067689394,0.0,0.0,0.0,0.0,0.0,2.0101598688943603,99.61939268525894,0,0.0
0.5078125,0.5078125,0.7578125,0.75,0.7890625,0.7890625,0.0,0.0,0.0,0.0,0.0,0.0,0.0,0.0,0.7578125,0.7734375,0.640625,0.6484375,33.33333333333333,75.20657839825746,75.20657839825746,75.20657839825746,0.0,0.0,0.0,2.022078176789293,99.7461933924194,0.0,0.0,0.0,0.0,0.0,2.020007841712626,99.75173038235538,0,0.0
0.5078125,0.5078125,0.7578125,0.75,0.7890625,0.7890625,0.0,0.0,0.0,0.0,0.0,0.0,0.0,0.0,0.7578125,0.7734375,0.640625,0.6484375,33.33333333333333,75.20657839825746,75.20657839825746,74.79292636998538,0.0,0.0,0.0,2.0025832201840967,99.7461933924194,0.0,0.0,0.0,0.0,0.0,2.032810411349473,99.75173038235538,0,0.0
0.5078125,0.5078125,0.7578125,0.75,0.7890625,0.7890625,0.0,0.0,0.0,0.0,0.0,0.0,0.0,0.0,0.7578125,0.7734375,0.640625,0.6484375,33.33333333333333,74.8754299029759,74.8754299029759,74.8754299029759,0.0,0.0,0.0,1.9773324762450448,99.50835347232176,0.0,0.0,0.0,0.0,0.0,2.0003705397178537,99.75173038235538,0,0.0
0.5078125,0.5078125,0.7578125,0.75,0.7890625,0.7890625,0.0,0.0,0.0,0.0,0.0,0.0,0.0,0.0,0.7578125,0.7734375,0.640625,0.6484375,33.33333333333333,75.0168868246723,75.0168868246723,74.8754299029759,0.0,0.0,0.0,1.9696795881732945,99.50835347232176,0.0,0.0,0.0,0.0,0.0,2.018561565395074,99.75173038235538,0,0.0
0.5078125,0.5078125,0.7578125,0.75,0.7890625,0.7890625,0.0,0.0,0.0,0.0,0.0,0.0,0.0,0.0,0.7578125,0.7734375,0.640625,0.6484375,33.33333333333333,74.8754299029759,74.8754299029759,74.8754299029759,0.0,0.0,0.0,1.9773324762450448,99.50835347232176,0.0,0.0,0.0,0.0,0.0,2.0003705397178537,99.75173038235538,0,0.0
0.5078125,0.5078125,0.7578125,0.75,0.7890625,0.7890625,0.0,0.0,0.0,0.0,0.0,0.0,0.0,0.0,0.7578125,0.7734375,0.640625,0.6484375,33.33333333333333,74.8754299029759,74.8754299029759,74.8754299029759,0.0,0.0,0.0,1.9773324762450448,99.50835347232176,0.0,0.0,0.0,0.0,0.0,1.998588576816572,99.60875641098696,0,0.0
0.5078125,0.5078125,0.7578125,0.75,0.7890625,0.7890625,0.0,0.0,0.0,0.0,0.0,0.0,0.0,0.0,0.7578125,0.7734375,0.640625,0.6484375,33.33333333333333,74.8754299029759,74.8754299029759,75.01488722445768,0.0,0.0,0.0,1.9696795881732945,99.50835347232176,0.0,0.0,0.0,0.0,0.0,2.018561565395074,99.91638779069872,0,0.0
0.5078125,0.5078125,0.7578125,0.75,0.7890625,0.7890625,0.0,0.0,0.0,0.0,0.0,0.0,0.0,0.0,0.7578125,0.7734375,0.640625,0.6484375,33.33333333333333,75.0168868246723,75.0168868246723,74.8754299029759,0.0,0.0,0.0,1.9773324762450448,99.50835347232176,0.0,0.0,0.0,0.0,0.0,2.0003705397178537,99.91638779069872,0,0.0
0.5078125,0.5078125,0.7578125,0.75,0.7890625,0.7890625,0.0,0.0,0.0,0.0,0.0,0.0,0.0,0.0,0.7578125,0.7734375,0.640625,0.6484375,33.33333333333333,74.8754299029759,74.8754299029759,74.8754299029759,0.0,0.0,0.0,1.9773324762450448,99.50835347232176,0.0,0.0,0.0,0.0,0.0,2.018561565395074,99.91638779069872,0,0.0
0.5078125,0.5078125,0.7578125,0.75,0.7890625,0.7890625,0.0,0.0,0.0,0.0,0.0,0.0,0.0,0.0,0.7578125,0.7734375,0.640625,0.6484375,33.33333333333333,74.8754299029759,74.8754299029759,74.8754299029759,0.0,0.0,0.0,1.9952408651647564,99.55033315533434,0.0,0.0,0.0,0.0,0.0,1.9905625432799248,99.53897349105056,0,0.0
0.5078125,0.5078125,0.7578125,0.75,0.7890625,0.7890625,0.0,0.0,0.0,0.0,0.0,0.0,0.0,0.0,0.7578125,0.7734375,0.640625,0.6484375,33.33333333333333,74.8754299029759,74.8754299029759,74.8754299029759,0.0,0.0,0.0,1.9773324762450448,99.50835347232176,0.0,0.0,0.0,0.0,0.0,2.018561565395074,99.91638779069872,0,0.0
0.5078125,0.5078125,0.7578125,0.75,0.7890625,0.7890625,0.0,0.0,0.0,0.0,0.0,0.0,0.0,0.0,0.7578125,0.7734375,0.640625,0.6484375,33.33333333333333,75.0168868246723,74.8754299029759,75.01488722445768,0.0,0.0,0.0,2.0228833656271674,99.50835347232176,0.0,0.0,0.0,0.0,0.0,2.0003705397178537,99.60875641098696,0,0.0
0.5078125,0.5078125,0.7578125,0.75,0.7890625,0.7890625,0.0,0.0,0.0,0.0,0.0,0.0,0.0,0.0,0.7578125,0.7734375,0.640625,0.6484375,33.33333333333333,74.8754299029759,74.8754299029759,74.8754299029759,0.0,0.0,0.0,2.0228833656271674,99.50835347232176,0.0,0.0,0.0,0.0,0.0,2.018561565395074,99.91638779069872,0,0.0
0.5078125,0.5078125,0.7578125,0.75,0.7890625,0.7890625,0.0,0.0,0.0,0.0,0.0,0.0,0.0,0.0,0.7578125,0.7734375,0.640625,0.6484375,33.33333333333333,74.8754299029759,74.8754299029759,74.8754299029759,0.0,0.0,0.0,2.0216716384100573,99.50835347232176,0.0,0.0,0.0,0.0,0.0,2.0003705397178537,99.91638779069872,0,0.0
0.5078125,0.5078125,0.7578125,0.75,0.7890625,0.7890625,0.0,0.0,0.0,0.0,0.0,0.0,0.0,0.0,0.7578125,0.7734375,0.640625,0.6484375,33.33333333333333,74.8754299029759,74.8754299029759,74.8754299029759,0.0,0.0,0.0,1.9773324762450448,99.50835347232176,0.0,0.0,0.0,0.0,0.0,2.018561565395074,99.91638779069872,0,0.0
0.5078125,0.5078125,0.7578125,0.75,0.7890625,0.7890625,0.0,0.0,0.0,0.0,0.0,0.0,0.0,0.0,0.7578125,0.7734375,0.640625,0.6484375,33.33333333333333,74.8754299029759,74.8754299029759,74.8754299029759,0.0,0.0,0.0,1.9773324762450448,99.50835347232176,0.0,0.0,0.0,0.0,0.0,2.0003705397178537,99.91638779069872,0,0.0
0.5078125,0.5078125,0.7578125,0.75,0.7890625,0.7890625,0.0,0.0,0.0,0.0,0.0,0.0,0.0,0.0,0.7578125,0.7734375,0.640625,0.6484375,33.33333333333333,74.8754299029759,74.8754299029759,75.01488722445768,0.0,0.0,0.0,1.9773324762450448,99.50835347232176,0.0,0.0,0.0,0.0,0.0,1.969011453506514,99.60875641098696,0,0.0
0.5078125,0.5078125,0.7578125,0.75,0.7890625,0.7890625,0.0,0.0,0.0,0.0,0.0,0.0,0.0,0.0,0.7578125,0.7734375,0.640625,0.6484375,33.33333333333333,74.8754299029759,74.8754299029759,74.8754299029759,0.0,0.0,0.0,2.0228833656271674,99.50835347232176,0.0,0.0,0.0,0.0,0.0,1.969011453506514,99.60875641098696,0,0.0
0.5078125,0.5078125,0.7578125,0.75,0.7890625,0.7890625,0.0,0.0,0.0,0.0,0.0,0.0,0.0,0.0,0.7578125,0.7734375,0.640625,0.6484375,33.33333333333333,74.8754299029759,74.8754299029759,74.8754299029759,0.0,0.0,0.0,1.9952408651647564,99.55033315533434,0.0,0.0,0.0,0.0,0.0,1.9905625432799248,99.53897349105056,0,0.0
0.5078125,0.5078125,0.7578125,0.75,0.7890625,0.7890625,0.0,0.0,0.0,0.0,0.0,0.0,0.0,0.0,0.7578125,0.7734375,0.640625,0.6484375,33.33333333333333,74.8754299029759,74.8754299029759,75.0168868246723,0.0,0.0,0.0,1.9696795881732945,99.55033315533434,0.0,0.0,0.0,0.0,0.0,2.0003705397178537,99.53897349105056,0,0.0
0.515625,0.5078125,0.7578125,0.75,0.7890625,0.7890625,0.0,0.0,0.0,0.0,0.0,0.0,0.0,0.0,0.7578125,0.7734375,0.640625,0.6484375,33.33333333333333,74.8754299029759,74.8754299029759,74.8754299029759,0.0,0.0,0.0,1.9696795881732945,99.55033315533434,0.0,0.0,0.0,0.0,0.0,1.9905625432799248,99.51896505153,0,0.0
0.515625,0.5078125,0.7578125,0.75,0.7890625,0.7890625,0.0,0.0,0.0,0.0,0.0,0.0,0.0,0.0,0.7578125,0.7734375,0.640625,0.6484375,33.33333333333333,74.8754299029759,74.8754299029759,74.8754299029759,0.0,0.0,0.0,1.9773324762450448,99.50835347232176,0.0,0.0,0.0,0.0,0.0,2.0003705397178537,99.51896505153,0,0.0
0.515625,0.5078125,0.7578125,0.75,0.7890625,0.7890625,0.0,0.0,0.0,0.0,0.0,0.0,0.0,0.0,0.7578125,0.7734375,0.640625,0.6484375,33.33333333333333,75.06332406627294,75.21983712111444,75.06332406627294,0.0,0.0,0.0,2.0095533863443578,99.50835347232176,0.0,0.0,0.0,0.0,0.0,1.9634588859883315,99.53191797550484,0,0.0
0.515625,0.5078125,0.7578125,0.75,0.7890625,0.7890625,0.0,0.0,0.0,0.0,0.0,0.0,0.0,0.0,0.7578125,0.7734375,0.640625,0.6484375,33.33333333333333,75.06986648296396,75.06332406627294,75.06332406627294,0.0,0.0,0.0,2.010225934031301,99.69258189654524,0.0,0.0,0.0,0.0,0.0,2.02226609053728,99.53191797550484,0,0.0
0.515625,0.5078125,0.7578125,0.75,0.7890625,0.7890625,0.0,0.0,0.0,0.0,0.0,0.0,0.0,0.0,0.7578125,0.7734375,0.640625,0.6484375,33.33333333333333,75.06332406627294,75.06332406627294,75.06332406627294,0.0,0.0,0.0,2.010053924493852,99.69258189654524,0.0,0.0,0.0,0.0,0.0,2.0317880996325983,99.53191797550484,0,0.0
0.515625,0.5078125,0.7578125,0.75,0.7890625,0.7890625,0.0,0.0,0.0,0.0,0.0,0.0,0.0,0.0,0.7578125,0.7734375,0.640625,0.6484375,33.33333333333333,75.06332406627294,75.06986648296396,75.06332406627294,0.0,0.0,0.0,2.0094866597680348,99.5804673936642,0.0,0.0,0.0,0.0,0.0,2.008451954279292,99.53191797550484,0,0.0
0.515625,0.5078125,0.7578125,0.75,0.7890625,0.7890625,0.0,0.0,0.0,0.0,0.0,0.0,0.0,0.0,0.7578125,0.7734375,0.640625,0.6484375,33.33333333333333,75.06986648296396,75.06332406627294,75.06332406627294,0.0,0.0,0.0,1.974006544688556,99.70267199262722,0.0,0.0,0.0,0.0,0.0,1.999285595265163,99.53191797550484,0,0.0
0.515625,0.5078125,0.7578125,0.75,0.7890625,0.7890625,0.0,0.0,0.0,0.0,0.0,0.0,0.0,0.0,0.7578125,0.7734375,0.640625,0.6484375,33.33333333333333,75.06332406627294,75.06332406627294,75.06332406627294,0.0,0.0,0.0,2.0095533863443578,99.70267199262722,0.0,0.0,0.0,0.0,0.0,1.9634588859883315,99.53191797550484,0,0.0
0.515625,0.5078125,0.7578125,0.75,0.7890625,0.7890625,0.0,0.0,0.0,0.0,0.0,0.0,0.0,0.0,0.7578125,0.7734375,0.640625,0.6484375,33.33333333333333,75.06332406627294,75.06332406627294,75.06332406627294,0.0,0.0,0.0,1.974006544688556,99.70267199262722,0.0,0.0,0.0,0.0,0.0,2.02226609053728,99.86625061246752,0,0.0
0.515625,0.5078125,0.7578125,0.75,0.7890625,0.7890625,0.0,0.0,0.0,0.0,0.0,0.0,0.0,0.0,0.7578125,0.7734375,0.640625,0.6484375,33.33333333333333,75.06332406627294,75.06332406627294,75.06332406627294,0.0,0.0,0.0,2.0061078396835805,99.77667235824272,0.0,0.0,0.0,0.0,0.0,2.0317880996325983,99.89452177107242,0,0.0
0.515625,0.5078125,0.7578125,0.75,0.7890625,0.7890625,0.0,0.0,0.0,0.0,0.0,0.0,0.0,0.0,0.7578125,0.7734375,0.640625,0.6484375,33.33333333333333,75.06332406627294,75.06332406627294,75.06332406627294,0.0,0.0,0.0,2.0061078396835805,99.77667235824272,0.0,0.0,0.0,0.0,0.0,1.999285595265163,99.89452177107242,0,0.0
0.515625,0.5078125,0.7578125,0.75,0.7890625,0.7890625,0.0,0.0,0.0,0.0,0.0,0.0,0.0,0.0,0.7578125,0.7734375,0.640625,0.6484375,33.33333333333333,75.06332406627294,75.06332406627294,75.21983712111444,0.0,0.0,0.0,2.0095533863443578,99.77667235824272,0.0,0.0,0.0,0.0,0.0,1.9634588859883315,99.53191797550484,0,0.0
0.515625,0.5078125,0.7578125,0.75,0.7890625,0.7890625,0.0,0.0,0.0,0.0,0.0,0.0,0.0,0.0,0.7578125,0.7734375,0.640625,0.6484375,33.33333333333333,75.06332406627294,75.06332406627294,75.06332406627294,0.0,0.0,0.0,2.0094866597680348,99.77667235824272,0.0,0.0,0.0,0.0,0.0,2.008451954279292,99.53191797550484,0,0.0
0.515625,0.5078125,0.7578125,0.75,0.7890625,0.7890625,0.0,0.0,0.0,0.0,0.0,0.0,0.0,0.0,0.7578125,0.7734375,0.640625,0.6484375,33.33333333333333,75.06332406627294,75.06986648296396,75.06332406627294,0.0,0.0,0.0,1.974006544688556,99.70267199262722,0.0,0.0,0.0,0.0,0.0,1.999285595265163,99.53191797550484,0,0.0
0.515625,0.5078125,0.7578125,0.75,0.7890625,0.7890625,0.0,0.0,0.0,0.0,0.0,0.0,0.0,0.0,0.7578125,0.7734375,0.640625,0.6484375,33.33333333333333,75.06332406627294,75.06332406627294,75.06332406627294,0.0,0.0,0.0,2.0094866597680348,99.69258189654524,0.0,0.0,0.0,0.0,0.0,2.014201830264016,99.53191797550484,0,0.0
0.515625,0.5078125,0.7578125,0.75,0.7890625,0.7890625,0.0,0.0,0.0,0.0,0.0,0.0,0.0,0.0,0.7578125,0.7734375,0.640625,0.6484375,33.33333333333333,75.06332406627294,75.06332406627294,75.21983712111444,0.0,0.0,0.0,2.0094866597680348,99.69258189654524,0.0,0.0,0.0,0.0,0.0,2.0317880996325983,99.53191797550484,0,0.0
0.515625,0.5078125,0.7578125,0.75,0.7890625,0.7890625,0.0,0.0,0.0,0.0,0.0,0.0,0.0,0.0,0.7578125,0.7734375,0.640625,0.6484375,33.33333333333333,75.06332406627294,75.06986648296396,75.06332406627294,0.0,0.0,0.0,2.0061078396835805,99.77667235824272,0.0,0.0,0.0,0.0,0.0,2.008451954279292,99.53191797550484,0,0.0
0.515625,0.5078125,0.7578125,0.765625,0.7890625,0.7890625,0.0,0.0,0.0,0.0,0.0,0.0,0.0,0.0,0.7578125,0.7734375,0.640625,0.6484375,33.33333333333333,75.21983712111444,75.06332406627294,75.06332406627294,0.0,0.0,0.0,2.0063363992725893,99.81864302207352,0.0,0.0,0.0,0.0,0.0,2.0035440738649406,99.53191797550484,0,0.0
0.515625,0.5078125,0.7578125,0.765625,0.7734375,0.7578125,0.0,0.0,0.0,0.0,0.0,0.0,0.0,0.0,0.7578125,0.7734375,0.640625,0.6484375,33.33333333333333,75.06332406627294,75.06332406627294,75.06332406627294,0.0,0.0,0.0,2.0061078396835805,99.77667235824272,0.0,0.0,0.0,0.0,0.0,1.999285595265163,99.53191797550484,0,0.0
0.515625,0.5078125,0.7578125,0.765625,0.7734375,0.7578125,0.0,0.0,0.0,0.0,0.0,0.0,0.0,0.0,0.7578125,0.7734375,0.640625,0.6484375,33.33333333333333,75.06332406627294,75.06332406627294,75.06332406627294,0.0,0.0,0.0,2.0118498416215043,99.77667235824272,0.0,0.0,0.0,0.0,0.0,2.008451954279292,99.53191797550484,0,0.0
0.515625,0.5078125,0.7578125,0.765625,0.7734375,0.7578125,0.0,0.0,0.0,0.0,0.0,0.0,0.0,0.0,0.7578125,0.7734375,0.640625,0.6484375,33.33333333333333,75.06986648296396,75.06986648296396,75.06332406627294,0.0,0.0,0.0,2.0094866597680348,99.5804673936642,0.0,0.0,0.0,0.0,0.0,2.008451954279292,99.53191797550484,0,0.0
0.515625,0.5078125,0.7578125,0.765625,0.7734375,0.7578125,0.0,0.0,0.0,0.0,0.0,0.0,0.0,0.0,0.7578125,0.7734375,0.640625,0.6484375,33.33333333333333,75.06332406627294,75.06332406627294,75.06332406627294,0.0,0.0,0.0,2.0094866597680348,99.69258189654524,0.0,0.0,0.0,0.0,0.0,1.999285595265163,99.53191797550484,0,0.0
0.515625,0.5078125,0.7578125,0.765625,0.7734375,0.7578125,0.0,0.0,0.0,0.0,0.0,0.0,0.0,0.0,0.7578125,0.7734375,0.640625,0.6484375,33.33333333333333,74.8468563490727,74.8468563490727,74.8468563490727,0.0,0.0,0.0,2.020348396458972,99.7955346090462,0.0,0.0,0.0,0.0,0.0,2.0361391356334244,99.53191797550484,0,0.0
0.515625,0.5078125,0.7578125,0.765625,0.7734375,0.7578125,0.0,0.0,0.0,0.0,0.0,0.0,0.0,0.0,0.7578125,0.7734375,0.640625,0.6484375,33.33333333333333,74.8468563490727,74.8468563490727,74.93063946967749,0.0,0.0,0.0,1.9832848330390016,99.7955346090462,0.0,0.0,0.0,0.0,0.0,1.9927860162583892,99.53191797550484,0,0.0
0.515625,0.5078125,0.7578125,0.765625,0.7734375,0.7578125,0.0,0.0,0.0,0.0,0.0,0.0,0.0,0.0,0.7578125,0.7734375,0.640625,0.6484375,33.33333333333333,74.8468563490727,74.8468563490727,74.8468563490727,0.0,0.0,0.0,2.020348396458972,99.7955346090462,0.0,0.0,0.0,0.0,0.0,1.9927860162583892,99.53191797550484,0,0.0
0.515625,0.5078125,0.7578125,0.765625,0.7734375,0.7578125,0.0,0.0,0.0,0.0,0.0,0.0,0.0,0.0,0.7578125,0.7734375,0.640625,0.6484375,33.33333333333333,74.96850432623111,74.96850432623111,74.8468563490727,0.0,0.0,0.0,1.9832848330390016,99.7955346090462,0.0,0.0,0.0,0.0,0.0,1.9927860162583892,99.53191797550484,0,0.0
0.515625,0.5078125,0.7578125,0.765625,0.7734375,0.7578125,0.0,0.0,0.0,0.0,0.0,0.0,0.0,0.0,0.7578125,0.7734375,0.640625,0.6484375,33.33333333333333,74.8468563490727,74.8468563490727,74.8468563490727,0.0,0.0,0.0,1.9962072759668368,99.7955346090462,0.0,0.0,0.0,0.0,0.0,2.006831961066329,99.53191797550484,0,0.0
0.515625,0.5078125,0.7578125,0.765625,0.7734375,0.7578125,0.0,0.0,0.0,0.0,0.0,0.0,0.0,0.0,0.7578125,0.7734375,0.640625,0.6484375,33.33333333333333,74.8468563490727,74.8468563490727,74.8468563490727,0.0,0.0,0.0,1.9832848330390016,99.7955346090462,0.0,0.0,0.0,0.0,0.0,1.9927860162583892,99.53191797550484,0,0.0
0.515625,0.5078125,0.7578125,0.765625,0.7734375,0.7578125,0.0,0.0,0.0,0.0,0.0,0.0,0.0,0.0,0.7578125,0.7734375,0.640625,0.6484375,33.33333333333333,74.8468563490727,74.8468563490727,74.96850432623111,0.0,0.0,0.0,1.994993956044211,99.6331050697894,0.0,0.0,0.0,0.0,0.0,2.0361391356334244,99.53191797550484,0,0.0
0.515625,0.5078125,0.7578125,0.765625,0.7734375,0.7578125,0.0,0.0,0.0,0.0,0.0,0.0,0.0,0.0,0.7578125,0.7734375,0.640625,0.6484375,33.33333333333333,74.8468563490727,74.8468563490727,74.8468563490727,0.0,0.0,0.0,2.008147063352947,99.63575759710372,0.0,0.0,0.0,0.0,0.0,1.9936055648082451,99.71140160730462,0,0.0
0.515625,0.5078125,0.7578125,0.765625,0.7734375,0.7578125,0.0,0.0,0.0,0.0,0.0,0.0,0.0,0.0,0.7578125,0.7734375,0.640625,0.6484375,33.33333333333333,74.8468563490727,74.8468563490727,74.8468563490727,0.0,0.0,0.0,2.020348396458972,99.63575759710372,0.0,0.0,0.0,0.0,0.0,1.9927860162583892,99.71140160730462,0,0.0
0.515625,0.5078125,0.7578125,0.765625,0.7734375,0.7578125,0.0,0.0,0.0,0.0,0.0,0.0,0.0,0.0,0.7578125,0.7734375,0.640625,0.6484375,33.33333333333333,74.8468563490727,74.8468563490727,74.8468563490727,0.0,0.0,0.0,2.020348396458972,99.7955346090462,0.0,0.0,0.0,0.0,0.0,2.006831961066329,99.71140160730462,0,0.0
0.515625,0.5078125,0.7578125,0.765625,0.7734375,0.7578125,0.0,0.0,0.0,0.0,0.0,0.0,0.0,0.0,0.7578125,0.7734375,0.640625,0.6484375,33.33333333333333,74.8468563490727,74.8468563490727,74.8468563490727,0.0,0.0,0.0,2.010578804467294,99.6331050697894,0.0,0.0,0.0,0.0,0.0,2.0148518854619826,99.71140160730462,0,0.0
0.515625,0.5078125,0.7578125,0.765625,0.7734375,0.7578125,0.0,0.0,0.0,0.0,0.0,0.0,0.0,0.0,0.7578125,0.7734375,0.640625,0.6484375,33.33333333333333,74.93063946967749,74.93063946967749,74.8468563490727,0.0,0.0,0.0,2.010578804467294,99.6331050697894,0.0,0.0,0.0,0.0,0.0,2.0361391356334244,99.71140160730462,0,0.0
0.515625,0.5078125,0.7578125,0.765625,0.7734375,0.7578125,0.0,0.0,0.0,0.0,0.0,0.0,0.0,0.0,0.7578125,0.7734375,0.640625,0.6484375,33.33333333333333,74.8468563490727,74.8468563490727,74.8468563490727,0.0,0.0,0.0,2.020348396458972,99.7955346090462,0.0,0.0,0.0,0.0,0.0,2.006831961066329,99.71140160730462,0,0.0
0.515625,0.5078125,0.7578125,0.765625,0.7734375,0.7578125,0.0,0.0,0.0,0.0,0.0,0.0,0.0,0.0,0.7578125,0.7734375,0.640625,0.6484375,33.33333333333333,74.8468563490727,74.8468563490727,74.8468563490727,0.0,0.0,0.0,1.994993956044211,99.7955346090462,0.0,0.0,0.0,0.0,0.0,1.995750585275034,99.75909938915464,0,0.0
0.515625,0.5078125,0.7578125,0.765625,0.7734375,0.7578125,0.0,0.0,0.0,0.0,0.0,0.0,0.0,0.0,0.7578125,0.7734375,0.640625,0.6484375,33.33333333333333,74.8468563490727,74.8468563490727,74.93063946967749,0.0,0.0,0.0,2.020348396458972,99.7955346090462,0.0,0.0,0.0,0.0,0.0,1.9927860162583892,99.75909938915464,0,0.0
0.515625,0.5078125,0.7578125,0.765625,0.7734375,0.7578125,0.0,0.0,0.0,0.0,0.0,0.0,0.0,0.0,0.7578125,0.7734375,0.640625,0.6484375,33.33333333333333,74.8468563490727,74.8468563490727,74.8468563490727,0.0,0.0,0.0,2.010578804467294,99.6331050697894,0.0,0.0,0.0,0.0,0.0,1.995750585275034,99.75909938915464,0,0.0
0.515625,0.5078125,0.7578125,0.765625,0.7734375,0.7578125,0.0,0.0,0.0,0.0,0.0,0.0,0.0,0.0,0.7578125,0.7734375,0.640625,0.6484375,33.33333333333333,74.96850432623111,74.93063946967749,74.8468563490727,0.0,0.0,0.0,1.994993956044211,99.6331050697894,0.0,0.0,0.0,0.0,0.0,2.0361391356334244,99.75909938915464,0,0.0
0.515625,0.5078125,0.7578125,0.765625,0.7734375,0.7578125,0.0,0.0,0.0,0.0,0.0,0.0,0.0,0.0,0.7578125,0.7734375,0.640625,0.6484375,33.33333333333333,74.8468563490727,74.8468563490727,74.8468563490727,0.0,0.0,0.0,1.994993956044211,99.6331050697894,0.0,0.0,0.0,0.0,0.0,2.0171904987042173,99.75909938915464,0,0.0
0.5078125,0.5078125,0.7578125,0.765625,0.7734375,0.7578125,0.0,0.0,0.0,0.0,0.0,0.0,0.0,0.0,0.7578125,0.7734375,0.640625,0.6484375,33.33333333333333,74.8468563490727,74.8468563490727,74.8468563490727,0.0,0.0,0.0,2.020348396458972,99.7955346090462,0.0,0.0,0.0,0.0,0.0,2.006831961066329,99.75909938915464,0,0.0
0.5078125,0.5078125,0.7578125,0.765625,0.7734375,0.7578125,0.0,0.0,0.0,0.0,0.0,0.0,0.0,0.0,0.7578125,0.7734375,0.640625,0.6484375,33.33333333333333,74.8468563490727,74.8468563490727,74.93063946967749,0.0,0.0,0.0,1.994993956044211,99.7955346090462,0.0,0.0,0.0,0.0,0.0,2.0361391356334244,99.75909938915464,0,0.0
0.5078125,0.5078125,0.7578125,0.765625,0.7734375,0.7578125,0.0,0.0,0.0,0.0,0.0,0.0,0.0,0.0,0.7578125,0.7734375,0.640625,0.6484375,33.33333333333333,74.88162212918654,75.06385023674824,75.06385023674824,0.0,0.0,0.0,1.9846151354250372,99.88331962229942,0.0,0.0,0.0,0.0,0.0,2.0057277848104134,99.75909938915464,0,0.0
0.5078125,0.5078125,0.7578125,0.765625,0.7734375,0.7578125,0.0,0.0,0.0,0.0,0.0,0.0,0.0,0.0,0.7578125,0.7734375,0.640625,0.6484375,33.33333333333333,75.06385023674824,75.06385023674824,75.06385023674824,0.0,0.0,0.0,2.0039541509717664,99.88331962229942,0.0,0.0,0.0,0.0,0.0,1.980873155566683,99.75909938915464,0,0.0
0.5078125,0.5078125,0.7578125,0.765625,0.7734375,0.7578125,0.0,0.0,0.0,0.0,0.0,0.0,0.0,0.0,0.7578125,0.7734375,0.640625,0.6484375,33.33333333333333,75.06385023674824,75.06385023674824,75.06385023674824,0.0,0.0,0.0,1.9846151354250372,99.88331962229942,0.0,0.0,0.0,0.0,0.0,1.9931502805860724,99.75909938915464,0,0.0
0.5078125,0.5078125,0.7578125,0.765625,0.7734375,0.7578125,0.0,0.0,0.0,0.0,0.0,0.0,0.0,0.0,0.7578125,0.7734375,0.640625,0.6484375,33.33333333333333,75.06385023674824,75.06385023674824,75.06385023674824,0.0,0.0,0.0,1.9846151354250372,99.88331962229942,0.0,0.0,0.0,0.0,0.0,1.980873155566683,99.75909938915464,0,0.0
0.5078125,0.5078125,0.7578125,0.765625,0.7734375,0.7578125,0.0,0.0,0.0,0.0,0.0,0.0,0.0,0.0,0.7578125,0.7734375,0.640625,0.6484375,33.33333333333333,75.06385023674824,75.06385023674824,75.06385023674824,0.0,0.0,0.0,1.9846151354250372,99.88331962229942,0.0,0.0,0.0,0.0,0.0,1.9701167487188092,99.96253072560911,0,0.0
0.5078125,0.5078125,0.7578125,0.765625,0.7734375,0.7578125,0.0,0.0,0.0,0.0,0.0,0.0,0.0,0.0,0.7578125,0.7734375,0.640625,0.6484375,33.33333333333333,74.88162212918654,75.06385023674824,75.06385023674824,0.0,0.0,0.0,1.9882406983307892,99.88331962229942,0.0,0.0,0.0,0.0,0.0,1.9931502805860724,99.96253072560911,0,0.0
0.5078125,0.5078125,0.7578125,0.765625,0.7734375,0.7578125,0.0,0.0,0.0,0.0,0.0,0.0,0.0,0.0,0.7578125,0.7734375,0.640625,0.6484375,33.33333333333333,75.06385023674824,74.88162212918654,75.06385023674824,0.0,0.0,0.0,2.0044477014106463,99.88331962229942,0.0,0.0,0.0,0.0,0.0,1.9779685925343848,99.96253072560911,0,0.0
0.5078125,0.5078125,0.7578125,0.765625,0.7734375,0.7578125,0.0,0.0,0.0,0.0,0.0,0.0,0.0,0.0,0.7578125,0.7734375,0.640625,0.6484375,33.33333333333333,75.06385023674824,75.06385023674824,74.88162212918654,0.0,0.0,0.0,1.9846151354250372,99.88331962229942,0.0,0.0,0.0,0.0,0.0,2.0057277848104134,99.96253072560911,0,0.0
0.5078125,0.5078125,0.7578125,0.765625,0.7734375,0.7578125,0.0,0.0,0.0,0.0,0.0,0.0,0.0,0.0,0.7578125,0.7734375,0.640625,0.6484375,33.33333333333333,75.06385023674824,75.06385023674824,75.06385023674824,0.0,0.0,0.0,1.9846151354250372,99.88331962229942,0.0,0.0,0.0,0.0,0.0,1.980873155566683,99.96253072560911,0,0.0
0.5078125,0.5078125,0.7578125,0.765625,0.7734375,0.7578125,0.0,0.0,0.0,0.0,0.0,0.0,0.0,0.0,0.7578125,0.7734375,0.640625,0.6484375,33.33333333333333,75.06385023674824,75.06385023674824,75.06385023674824,0.0,0.0,0.0,1.9846151354250372,99.88331962229942,0.0,0.0,0.0,0.0,0.0,1.9784824516610784,99.96253072560911,0,0.0
0.5078125,0.5078125,0.7578125,0.765625,0.7734375,0.7578125,0.0,0.0,0.0,0.0,0.0,0.0,0.0,0.0,0.7578125,0.7734375,0.640625,0.6484375,33.33333333333333,74.88162212918654,75.06385023674824,75.06385023674824,0.0,0.0,0.0,2.0061345302254527,99.88331962229942,0.0,0.0,0.0,0.0,0.0,2.0057277848104134,99.96253072560911,0,0.0
0.5078125,0.5078125,0.7578125,0.765625,0.7734375,0.7578125,0.0,0.0,0.0,0.0,0.0,0.0,0.0,0.0,0.7578125,0.7734375,0.640625,0.6484375,33.33333333333333,75.06385023674824,74.88162212918654,75.06385023674824,0.0,0.0,0.0,1.9846151354250372,99.88331962229942,0.0,0.0,0.0,0.0,0.0,1.980873155566683,99.96253072560911,0,0.0
0.5078125,0.5078125,0.7578125,0.765625,0.7734375,0.7578125,0.0,0.0,0.0,0.0,0.0,0.0,0.0,0.0,0.7578125,0.7734375,0.640625,0.6484375,33.33333333333333,75.06385023674824,75.06385023674824,74.88162212918654,0.0,0.0,0.0,1.9846151354250372,99.88331962229942,0.0,0.0,0.0,0.0,0.0,1.9931502805860724,99.96253072560911,0,0.0
0.5078125,0.5078125,0.7578125,0.765625,0.7734375,0.7578125,0.0,0.0,0.0,0.0,0.0,0.0,0.0,0.0,0.7578125,0.7734375,0.640625,0.6484375,33.33333333333333,75.06385023674824,75.06385023674824,75.06385023674824,0.0,0.0,0.0,1.9882406983307892,99.88331962229942,0.0,0.0,0.0,0.0,0.0,1.9931502805860724,99.96253072560911,0,0.0
0.5078125,0.5078125,0.7578125,0.765625,0.7734375,0.7578125,0.0,0.0,0.0,0.0,0.0,0.0,0.0,0.0,0.7578125,0.7734375,0.640625,0.6484375,33.33333333333333,75.06385023674824,75.06385023674824,75.06385023674824,0.0,0.0,0.0,1.9846151354250372,99.88331962229942,0.0,0.0,0.0,0.0,0.0,2.0057277848104134,99.96253072560911,0,0.0
0.5078125,0.5078125,0.7578125,0.765625,0.7734375,0.7578125,0.0,0.0,0.0,0.0,0.0,0.0,0.0,0.0,0.7578125,0.7734375,0.640625,0.6484375,33.33333333333333,75.06385023674824,74.82826019131237,75.06385023674824,0.0,0.0,0.0,2.004401779618596,99.7852155268718,0.0,0.0,0.0,0.0,0.0,2.004046028303241,99.96253072560911,0,0.0
0.5078125,0.5078125,0.7578125,0.765625,0.7734375,0.7578125,0.0,0.0,0.0,0.0,0.0,0.0,0.0,0.0,0.7578125,0.7734375,0.640625,0.6484375,33.33333333333333,75.06385023674824,75.06385023674824,75.06385023674824,0.0,0.0,0.0,1.9846151354250372,99.7852155268718,0.0,0.0,0.0,0.0,0.0,1.980873155566683,99.96253072560911,0,0.0
0.5078125,0.5078125,0.7578125,0.765625,0.7734375,0.7578125,0.0,0.0,0.0,0.0,0.0,0.0,0.0,0.0,0.7578125,0.7734375,0.640625,0.6484375,33.33333333333333,75.06385023674824,75.06385023674824,74.88162212918654,0.0,0.0,0.0,1.9846151354250372,99.88331962229942,0.0,0.0,0.0,0.0,0.0,1.980873155566683,99.96253072560911,0,0.0
0.5078125,0.5078125,0.7578125,0.765625,0.7734375,0.7578125,0.0,0.0,0.0,0.0,0.0,0.0,0.0,0.0,0.7578125,0.7734375,0.640625,0.6484375,33.33333333333333,75.06385023674824,75.06385023674824,75.06385023674824,0.0,0.0,0.0,1.9882406983307892,99.88331962229942,0.0,0.0,0.0,0.0,0.0,1.9931502805860724,99.96253072560911,0,0.0
0.5078125,0.5078125,0.7578125,0.765625,0.7734375,0.7578125,0.0,0.0,0.0,0.0,0.0,0.0,0.0,0.0,0.7578125,0.7421875,0.640625,0.6328125,33.33333333333333,75.06385023674824,75.06385023674824,75.06385023674824,0.0,0.0,0.0,1.9846151354250372,99.88331962229942,0.0,0.0,0.0,0.0,0.0,1.9931502805860724,99.96253072560911,0,0.0
0.5078125,0.5078125,0.7578125,0.765625,0.7734375,0.7578125,0.0,0.0,0.0,0.0,0.0,0.0,0.0,0.0,0.7578125,0.7421875,0.640625,0.6328125,33.33333333333333,74.98304969845573,75.03749017873923,74.98304969845573,0.0,0.0,0.0,1.998135501682168,99.88331962229942,0.0,0.0,0.0,0.0,0.0,2.013195529579442,99.96253072560911,0,0.0
0.5078125,0.5078125,0.7578125,0.765625,0.7734375,0.7578125,0.0,0.0,0.0,0.0,0.0,0.0,0.0,0.0,0.7578125,0.7421875,0.640625,0.6328125,33.33333333333333,74.98304969845573,74.98304969845573,74.98304969845573,0.0,0.0,0.0,1.9885535144465012,99.88331962229942,0.0,0.0,0.0,0.0,0.0,2.00253022905781,99.84329643475456,0,0.0
0.5078125,0.5078125,0.7578125,0.765625,0.7734375,0.7578125,0.0,0.0,0.0,0.0,0.0,0.0,0.0,0.0,0.7578125,0.7421875,0.640625,0.6328125,33.33333333333333,74.98304969845573,74.98304969845573,74.98304969845573,0.0,0.0,0.0,2.0272832094992506,99.88331962229942,0.0,0.0,0.0,0.0,0.0,2.013195529579442,99.84329643475456,0,0.0
0.5078125,0.5078125,0.7578125,0.765625,0.7734375,0.7578125,0.0,0.0,0.0,0.0,0.0,0.0,0.0,0.0,0.7578125,0.7421875,0.640625,0.6328125,33.33333333333333,74.98304969845573,74.98304969845573,74.98304969845573,0.0,0.0,0.0,1.9987270831683983,99.83047730969491,0.0,0.0,0.0,0.0,0.0,1.996881220320116,99.84329643475456,0,0.0
0.5078125,0.5078125,0.7578125,0.765625,0.7734375,0.7578125,0.0,0.0,0.0,0.0,0.0,0.0,0.0,0.0,0.7578125,0.7421875,0.640625,0.6328125,33.33333333333333,75.03749017873923,74.98304969845573,74.98304969845573,0.0,0.0,0.0,1.998135501682168,99.83047730969491,0.0,0.0,0.0,0.0,0.0,1.997220033046466,99.84329643475456,0,0.0
0.5078125,0.5078125,0.7578125,0.765625,0.7734375,0.7578125,0.0,0.0,0.0,0.0,0.0,0.0,0.0,0.0,0.7578125,0.7421875,0.640625,0.6328125,33.33333333333333,74.98304969845573,74.98304969845573,75.03749017873923,0.0,0.0,0.0,1.9987270831683983,99.60413035605254,0.0,0.0,0.0,0.0,0.0,1.99599154516136,99.84329643475456,0,0.0
0.5078125,0.5078125,0.7578125,0.765625,0.7734375,0.7578125,0.0,0.0,0.0,0.0,0.0,0.0,0.0,0.0,0.7578125,0.7421875,0.640625,0.6328125,33.33333333333333,74.98304969845573,74.98304969845573,74.98304969845573,0.0,0.0,0.0,1.9987270831683983,99.60413035605254,0.0,0.0,0.0,0.0,0.0,1.9981829993785405,99.84329643475456,0,0.0
0.5078125,0.5078125,0.7578125,0.765625,0.7734375,0.7578125,0.0,0.0,0.0,0.0,0.0,0.0,0.0,0.0,0.7578125,0.7421875,0.640625,0.6328125,33.33333333333333,74.98304969845573,74.98304969845573,74.98304969845573,0.0,0.0,0.0,1.9987270831683983,99.60413035605254,0.0,0.0,0.0,0.0,0.0,1.988449838576147,99.84329643475456,0,0.0
0.5078125,0.5078125,0.7578125,0.765625,0.7734375,0.7578125,0.0,0.0,0.0,0.0,0.0,0.0,0.0,0.0,0.7578125,0.7421875,0.640625,0.6328125,33.33333333333333,74.98304969845573,75.0412763423051,75.03749017873923,0.0,0.0,0.0,1.9987270831683983,99.60413035605254,0.0,0.0,0.0,0.0,0.0,1.99599154516136,99.84329643475456,0,0.0
0.5078125,0.5078125,0.7578125,0.765625,0.7734375,0.7578125,0.0,0.0,0.0,0.0,0.0,0.0,0.0,0.0,0.7578125,0.7421875,0.640625,0.6328125,33.33333333333333,74.98304969845573,74.98304969845573,74.98304969845573,0.0,0.0,0.0,1.998135501682168,99.60413035605254,0.0,0.0,0.0,0.0,0.0,2.0129025524755706,99.84329643475456,0,0.0
0.5078125,0.5078125,0.7578125,0.765625,0.7734375,0.7578125,0.0,0.0,0.0,0.0,0.0,0.0,0.0,0.0,0.7578125,0.7421875,0.640625,0.6328125,33.33333333333333,74.98304969845573,74.98304969845573,74.98304969845573,0.0,0.0,0.0,2.015205469599887,99.83047730969491,0.0,0.0,0.0,0.0,0.0,1.988449838576147,99.84329643475456,0,0.0
0.5078125,0.5078125,0.7578125,0.765625,0.7734375,0.7578125,0.0,0.0,0.0,0.0,0.0,0.0,0.0,0.0,0.7578125,0.7421875,0.640625,0.6328125,33.33333333333333,75.0412763423051,74.98304969845573,74.98304969845573,0.0,0.0,0.0,1.998135501682168,99.83047730969491,0.0,0.0,0.0,0.0,0.0,1.996881220320116,99.84329643475456,0,0.0
0.5078125,0.5078125,0.7578125,0.765625,0.7734375,0.7578125,0.0,0.0,0.0,0.0,0.0,0.0,0.0,0.0,0.7578125,0.7421875,0.640625,0.6328125,33.33333333333333,74.98304969845573,75.0412763423051,74.98304969845573,0.0,0.0,0.0,2.015205469599887,99.83047730969491,0.0,0.0,0.0,0.0,0.0,1.988449838576147,99.84329643475456,0,0.0
0.5078125,0.5078125,0.7578125,0.765625,0.7734375,0.7578125,0.0,0.0,0.0,0.0,0.0,0.0,0.0,0.0,0.7578125,0.7421875,0.640625,0.6328125,33.33333333333333,74.98304969845573,74.98304969845573,74.98304969845573,0.0,0.0,0.0,2.015205469599887,99.83047730969491,0.0,0.0,0.0,0.0,0.0,1.988449838576147,99.84329643475456,0,0.0
0.5078125,0.5078125,0.7578125,0.765625,0.7734375,0.7578125,0.0,0.0,0.0,0.0,0.0,0.0,0.0,0.0,0.7578125,0.7421875,0.640625,0.6328125,33.33333333333333,74.98304969845573,74.98304969845573,74.98304969845573,0.0,0.0,0.0,2.029791418360098,99.83047730969491,0.0,0.0,0.0,0.0,0.0,1.99599154516136,99.84329643475456,0,0.0
0.5078125,0.5078125,0.7578125,0.765625,0.7734375,0.7578125,0.0,0.0,0.0,0.0,0.0,0.0,0.0,0.0,0.7578125,0.7421875,0.640625,0.6328125,33.33333333333333,74.98304969845573,74.98304969845573,75.0412763423051,0.0,0.0,0.0,1.9987270831683983,99.83047730969491,0.0,0.0,0.0,0.0,0.0,1.996881220320116,99.69696371506431,0,0.0
0.5078125,0.5078125,0.7578125,0.765625,0.7734375,0.7578125,0.0,0.0,0.0,0.0,0.0,0.0,0.0,0.0,0.7578125,0.7421875,0.640625,0.6328125,33.33333333333333,74.98304969845573,75.03749017873923,74.98304969845573,0.0,0.0,0.0,1.9987270831683983,99.54974533108832,0.0,0.0,0.0,0.0,0.0,1.988449838576147,99.69696371506431,0,0.0
0.5078125,0.5078125,0.7578125,0.765625,0.7734375,0.7578125,0.0,0.0,0.0,0.0,0.0,0.0,0.0,0.0,0.7578125,0.7421875,0.640625,0.6328125,33.33333333333333,74.98304969845573,74.98304969845573,74.98304969845573,0.0,0.0,0.0,2.015205469599887,99.54974533108832,0.0,0.0,0.0,0.0,0.0,1.9950694470708017,99.61066227975031,0,0.0
0.4921875,0.5,0.7578125,0.765625,0.7734375,0.7578125,0.0,0.0,0.0,0.0,0.0,0.0,0.0,0.0,0.7578125,0.7421875,0.640625,0.6328125,33.33333333333333,74.98304969845573,74.98304969845573,74.98304969845573,0.0,0.0,0.0,2.015205469599887,99.83047730969491,0.0,0.0,0.0,0.0,0.0,1.988449838576147,99.61066227975031,0,0.0
0.4921875,0.5,0.7578125,0.765625,0.7734375,0.7578125,0.0,0.0,0.0,0.0,0.0,0.0,0.0,0.0,0.7578125,0.7421875,0.640625,0.6328125,33.33333333333333,74.98304969845573,74.98304969845573,74.98304969845573,0.0,0.0,0.0,1.9987270831683983,99.60413035605254,0.0,0.0,0.0,0.0,0.0,1.988449838576147,99.61066227975031,0,0.0
0.4921875,0.5,0.7578125,0.765625,0.7734375,0.7578125,0.0,0.0,0.0,0.0,0.0,0.0,0.0,0.0,0.7578125,0.7421875,0.640625,0.6328125,33.33333333333333,74.98787081225032,74.98787081225032,74.98787081225032,0.0,0.0,0.0,1.959515977054972,99.60413035605254,0.0,0.0,0.0,0.0,0.0,2.025989517989513,99.89079629900144,0,0.0
0.4921875,0.5,0.7578125,0.765625,0.7734375,0.7578125,0.0,0.0,0.0,0.0,0.0,0.0,0.0,0.0,0.7578125,0.7421875,0.640625,0.6328125,33.33333333333333,75.18012081495263,74.98787081225032,74.98787081225032,0.0,0.0,0.0,2.011914381705917,99.77623363704696,0.0,0.0,0.0,0.0,0.0,1.9665088798387471,99.89079629900144,0,0.0
0.4921875,0.5,0.7578125,0.765625,0.7734375,0.7578125,0.0,0.0,0.0,0.0,0.0,0.0,0.0,0.0,0.7578125,0.7421875,0.640625,0.6328125,33.33333333333333,74.98787081225032,74.98787081225032,75.18012081495263,0.0,0.0,0.0,2.011914381705917,99.77623363704696,0.0,0.0,0.0,0.0,0.0,2.0020764222882685,99.89795083081182,0,0.0
0.4921875,0.5,0.7578125,0.765625,0.7734375,0.7578125,0.0,0.0,0.0,0.0,0.0,0.0,0.0,0.0,0.7578125,0.7421875,0.640625,0.6328125,33.33333333333333,74.98787081225032,74.98787081225032,74.98787081225032,0.0,0.0,0.0,1.958659551218817,99.77623363704696,0.0,0.0,0.0,0.0,0.0,2.018734884655472,99.89079629900144,0,0.0
0.4921875,0.5,0.7578125,0.765625,0.7734375,0.7578125,0.0,0.0,0.0,0.0,0.0,0.0,0.0,0.0,0.7578125,0.7421875,0.640625,0.6328125,33.33333333333333,75.18012081495263,74.98787081225032,74.98787081225032,0.0,0.0,0.0,2.011914381705917,99.77623363704696,0.0,0.0,0.0,0.0,0.0,1.9665088798387471,99.89079629900144,0,0.0
0.4921875,0.5,0.7578125,0.765625,0.7734375,0.7578125,0.0,0.0,0.0,0.0,0.0,0.0,0.0,0.0,0.7578125,0.7421875,0.640625,0.6328125,33.33333333333333,74.98787081225032,75.18012081495263,74.98787081225032,0.0,0.0,0.0,1.959515977054972,99.77623363704696,0.0,0.0,0.0,0.0,0.0,2.018734884655472,99.89079629900144,0,0.0
0.4921875,0.5,0.7578125,0.765625,0.7734375,0.7578125,0.0,0.0,0.0,0.0,0.0,0.0,0.0,0.0,0.7578125,0.7421875,0.640625,0.6328125,33.33333333333333,74.98787081225032,74.98787081225032,74.98787081225032,0.0,0.0,0.0,1.959515977054972,99.77623363704696,0.0,0.0,0.0,0.0,0.0,1.9665088798387471,99.89079629900144,0,0.0
0.4921875,0.5,0.7578125,0.765625,0.7734375,0.7578125,0.0,0.0,0.0,0.0,0.0,0.0,0.0,0.0,0.7578125,0.7421875,0.640625,0.6328125,33.33333333333333,75.18012081495263,74.98787081225032,74.98787081225032,0.0,0.0,0.0,1.959515977054972,99.77623363704696,0.0,0.0,0.0,0.0,0.0,2.025989517989513,99.89079629900144,0,0.0
0.4921875,0.5,0.7578125,0.765625,0.7734375,0.7578125,0.0,0.0,0.0,0.0,0.0,0.0,0.0,0.0,0.7578125,0.7421875,0.640625,0.6328125,33.33333333333333,74.98787081225032,75.18012081495263,74.98787081225032,0.0,0.0,0.0,1.959515977054972,99.77623363704696,0.0,0.0,0.0,0.0,0.0,1.9665088798387471,99.89079629900144,0,0.0
0.4921875,0.5,0.7578125,0.765625,0.7734375,0.7578125,0.0,0.0,0.0,0.0,0.0,0.0,0.0,0.0,0.7578125,0.7421875,0.640625,0.6328125,33.33333333333333,74.98787081225032,74.98787081225032,74.98787081225032,0.0,0.0,0.0,1.959515977054972,99.77623363704696,0.0,0.0,0.0,0.0,0.0,2.018734884655472,99.89079629900144,0,0.0
0.4921875,0.5,0.7578125,0.765625,0.7734375,0.7578125,0.0,0.0,0.0,0.0,0.0,0.0,0.0,0.0,0.7578125,0.7421875,0.640625,0.6328125,33.33333333333333,75.13338577765418,74.98787081225032,75.18012081495263,0.0,0.0,0.0,1.959515977054972,99.77623363704696,0.0,0.0,0.0,0.0,0.0,1.99285458094651,99.89079629900144,0,0.0
0.4921875,0.5,0.7578125,0.765625,0.7734375,0.7578125,0.0,0.0,0.0,0.0,0.0,0.0,0.0,0.0,0.7578125,0.7421875,0.640625,0.6328125,33.33333333333333,74.98787081225032,75.18012081495263,74.98787081225032,0.0,0.0,0.0,2.011914381705917,99.77623363704696,0.0,0.0,0.0,0.0,0.0,2.0020764222882685,99.89079629900144,0,0.0
0.4921875,0.5,0.7578125,0.765625,0.7734375,0.7578125,0.0,0.0,0.0,0.0,0.0,0.0,0.0,0.0,0.7578125,0.7421875,0.640625,0.6328125,33.33333333333333,74.98787081225032,74.98787081225032,74.98787081225032,0.0,0.0,0.0,2.011914381705917,99.77623363704696,0.0,0.0,0.0,0.0,0.0,2.018734884655472,99.89079629900144,0,0.0
0.4921875,0.5,0.7578125,0.765625,0.7734375,0.7578125,0.0,0.0,0.0,0.0,0.0,0.0,0.0,0.0,0.7578125,0.7421875,0.640625,0.6328125,33.33333333333333,75.13338577765418,74.98787081225032,75.18012081495263,0.0,0.0,0.0,1.959515977054972,99.77623363704696,0.0,0.0,0.0,0.0,0.0,1.9665088798387471,99.89079629900144,0,0.0
0.4921875,0.5,0.7578125,0.765625,0.7734375,0.7578125,0.0,0.0,0.0,0.0,0.0,0.0,0.0,0.0,0.7578125,0.7421875,0.640625,0.6328125,33.33333333333333,74.98787081225032,74.98787081225032,74.98787081225032,0.0,0.0,0.0,1.958659551218817,99.77623363704696,0.0,0.0,0.0,0.0,0.0,1.9665088798387471,99.89079629900144,0,0.0
0.4921875,0.5,0.7578125,0.765625,0.7734375,0.7578125,0.0,0.0,0.0,0.0,0.0,0.0,0.0,0.0,0.7578125,0.7421875,0.640625,0.6328125,33.33333333333333,74.98787081225032,74.98787081225032,74.98787081225032,0.0,0.0,0.0,2.022061529920524,99.80549798966796,0.0,0.0,0.0,0.0,0.0,2.025760468501564,99.89079629900144,0,0.0
0.4921875,0.5,0.7578125,0.765625,0.7734375,0.7578125,0.0,0.0,0.0,0.0,0.0,0.0,0.0,0.0,0.7578125,0.7421875,0.640625,0.6328125,33.33333333333333,74.98787081225032,74.98787081225032,75.18012081495263,0.0,0.0,0.0,1.9829301383978264,99.80549798966796,0.0,0.0,0.0,0.0,0.0,1.9878385473375235,99.89079629900144,0,0.0
0.4921875,0.5,0.7578125,0.765625,0.7734375,0.7578125,0.0,0.0,0.0,0.0,0.0,0.0,0.0,0.0,0.7578125,0.7421875,0.640625,0.6328125,33.33333333333333,74.98787081225032,74.98787081225032,74.98787081225032,0.0,0.0,0.0,1.959515977054972,99.80549798966796,0.0,0.0,0.0,0.0,0.0,2.025989517989513,99.89079629900144,0,0.0
0.4921875,0.5,0.7578125,0.765625,0.7734375,0.7578125,0.0,0.0,0.0,0.0,0.0,0.0,0.0,0.0,0.7578125,0.7421875,0.640625,0.6328125,33.33333333333333,75.18012081495263,74.98787081225032,74.98787081225032,0.0,0.0,0.0,2.0211731805100057,99.80549798966796,0.0,0.0,0.0,0.0,0.0,1.9646318089942176,99.89079629900144,0,0.0
0.4921875,0.5,0.7578125,0.765625,0.7734375,0.7578125,0.0,0.0,0.0,0.0,0.0,0.0,0.0,0.0,0.7578125,0.7421875,0.640625,0.6328125,33.33333333333333,74.98787081225032,75.18012081495263,75.18012081495263,0.0,0.0,0.0,1.9944628072838129,99.80549798966796,0.0,0.0,0.0,0.0,0.0,1.9878385473375235,99.89079629900144,0,0.0
0.4921875,0.5,0.7578125,0.765625,0.7734375,0.7578125,0.0,0.0,0.0,0.0,0.0,0.0,0.0,0.0,0.7578125,0.7421875,0.640625,0.6328125,33.33333333333333,75.04418012376227,75.04418012376227,75.04418012376227,0.0,0.0,0.0,1.9808921695528523,99.78869448022148,0.0,0.0,0.0,0.0,0.0,1.99384719189927,99.89079629900144,0,0.0
0.4921875,0.5,0.7578125,0.765625,0.7734375,0.7578125,0.0,0.0,0.0,0.0,0.0,0.0,0.0,0.0,0.7578125,0.7421875,0.640625,0.6328125,33.33333333333333,75.04418012376227,75.04418012376227,75.04418012376227,-1.9597467206556256,2.504569917937513,-0.2602772662236893,1.9691289667946887,99.66390069885652,0.0,-0.6412589401965864,0.0,0.0,0.0,1.998404088682422,99.89079629900144,0,0.0
0.4921875,0.5,0.7578125,0.765625,0.7734375,0.7578125,0.0,0.0,0.0,0.0,0.0,0.0,0.0,0.0,0.7578125,0.7421875,0.640625,0.6328125,33.33333333333333,75.04418012376227,74.95627910297476,74.9119969935545,-4.646692842425172,6.353245440393355,-2.8531088759527514,2.010512038000825,99.66390069885652,0.0,2.5449219651150914,0.0,0.0,0.0,1.977368002394535,99.84582702433828,0,0.0
0.4921875,0.5,0.7578125,0.765625,0.7734375,0.7578125,0.0,0.0,0.0,0.0,0.0,0.0,0.0,0.0,0.7578125,0.7421875,0.640625,0.6328125,33.33333333333333,75.04418012376227,75.04418012376227,75.04418012376227,-3.986399003938188,6.315969456628338,-4.024896210746612,1.9691289667946887,99.66390069885652,0.0,4.640446564299257,0.0,0.0,0.0,2.010826023218568,99.84582702433828,0,0.0
0.4921875,0.5,0.7578125,0.765625,0.7734375,0.7578125,0.0,0.0,0.0,0.0,0.0,0.0,0.0,0.0,0.7578125,0.7421875,0.640625,0.6328125,33.33333333333333,75.04418012376227,75.04418012376227,75.04418012376227,-2.82385878802089,5.192788182670722,-4.90375652244363,1.9800574465518543,99.66390069885652,0.0,6.356283453575282,0.0,0.0,0.0,2.010826023218568,99.84582702433828,0,0.0
0.4921875,0.5,0.7578125,0.765625,0.7734375,0.7578125,0.0,0.0,0.0,0.0,0.0,0.0,0.0,0.0,0.7578125,0.7421875,0.640625,0.6328125,33.33333333333333,74.9119969935545,75.04418012376227,75.04418012376227,-1.603245876898471,3.4343631757068427,-5.485387211330034,1.9691289667946887,99.66390069885652,0.0,7.337649949647049,0.0,0.0,0.0,2.010826023218568,99.84582702433828,0,0.0
0.4921875,0.5,0.7578125,0.765625,0.7734375,0.7578125,0.0,0.0,0.0,0.0,0.0,0.0,0.0,0.0,0.7578125,0.7421875,0.640625,0.6328125,33.33333333333333,75.04418012376227,74.9119969935545,75.04418012376227,-0.257238716963695,1.1618844206183687,-4.231182102847227,1.9800574465518543,99.66390069885652,0.0,5.504825712573888,0.0,0.0,0.0,1.9939818421615283,99.84582702433828,0,0.0
0.4921875,0.5,0.7578125,0.765625,0.7734375,0.7578125,0.0,0.0,0.0,0.0,0.0,0.0,0.0,0.0,0.7578125,0.7421875,0.640625,0.6328125,33.33333333333333,75.04418012376227,75.04418012376227,75.04418012376227,1.9526525750144648,-2.7074013986923005,-1.7944606971437114,2.0224144779467306,99.66390069885652,89.66390069885652,2.2175444883973823,0.0,0.0,0.0,1.977368002394535,99.84582702433828,0,0.0
0.4921875,0.5,0.7578125,0.765625,0.7734375,0.7578125,0.0,0.0,0.0,0.0,0.0,0.0,0.0,0.0,0.7578125,0.7421875,0.640625,0.6328125,33.33333333333333,75.04418012376227,75.04418012376227,75.04418012376227,3.432838472785864,-4.764347557033975,-2.970303465589085,1.981908303839872,99.66390069885652,89.66390069885652,3.6837640749118847,0.0,0.0,0.0,2.000056676771408,99.5270603671892,0,0.0
0.4921875,0.5,0.7578125,0.765625,0.7734375,0.7578125,0.0,0.0,0.0,0.0,0.0,0.0,0.0,0.0,0.7578125,0.7421875,0.640625,0.6328125,33.33333333333333,74.95627910297476,75.04418012376227,74.9119969935545,0.0,0.0,0.0,1.9884267692987807,99.66390069885652,89.66390069885652,0.0,0.0,0.0,0.0,1.9747289459788635,99.51917164906804,0,0.0
0.4921875,0.5,0.7578125,0.765625,0.7734375,0.7578125,0.0,0.0,0.0,0.0,0.0,0.0,0.0,0.0,0.7578125,0.7421875,0.640625,0.6328125,33.33333333333333,75.04418012376227,75.04418012376227,75.04418012376227,0.0,0.0,0.0,2.0181624747462497,99.83143013312954,89.8305940657794,0.0,0.0,0.0,0.0,2.001164753867208,99.51917164906804,0,0.0
0.4921875,0.5,0.7578125,0.765625,0.7734375,0.7578125,0.0,0.0,0.0,0.0,0.0,0.0,0.0,0.0,0.7578125,0.7421875,0.640625,0.6328125,33.33333333333333,75.04418012376227,75.04418012376227,75.04418012376227,0.0,0.0,0.0,1.9800574465518543,99.83143013312954,89.8305940657794,0.0,0.0,0.0,0.0,1.977368002394535,99.84582702433828,0,0.0
0.4921875,0.5,0.7578125,0.765625,0.7734375,0.7578125,0.0,0.0,0.0,0.0,0.0,0.0,0.0,0.0,0.7578125,0.7421875,0.640625,0.6328125,33.33333333333333,75.04418012376227,75.04418012376227,75.04418012376227,-1.4669576518373015,1.4155937731264154,1.2213764545598849,1.9691289667946887,99.66390069885652,89.96201252346026,-1.454789496152678,0.0,0.0,0.0,2.010826023218568,99.84582702433828,0,0.0
0.4921875,0.5,0.7578125,0.765625,0.7734375,0.7578125,0.0,0.0,0.0,0.0,0.0,0.0,0.0,0.0,0.7578125,0.7421875,0.640625,0.6328125,33.33333333333333,74.9119969935545,74.9119969935545,74.9119969935545,-4.181891703868092,4.760332822804854,3.234608993259151,1.9769418385676008,99.78869448022148,89.7989682908166,-3.767530565293976,0.0,0.0,0.0,2.000924462358951,99.84582702433828,0,0.0
0.4921875,0.5,0.7578125,0.765625,0.7734375,0.7578125,0.0,0.0,0.0,0.0,0.0,0.0,0.0,0.0,0.7578125,0.7421875,0.640625,0.6328125,33.33333333333333,75.04418012376227,75.04418012376227,75.04418012376227,-0.5232306944548097,0.3412054156911913,2.2665500553471327,2.0224144779467306,99.78869448022148,89.7989682908166,-2.7693747626728484,0.0,0.0,0.0,2.0153860770377947,99.84582702433828,0,0.0
0.4921875,0.5,0.7578125,0.765625,0.7734375,0.7578125,0.0,0.0,0.0,0.0,0.0,0.0,0.0,0.0,0.7578125,0.7421875,0.640625,0.6328125,33.33333333333333,75.04418012376227,75.04418012376227,75.04418012376227,1.2653325278699126,-2.193155306743616,5.342040114206947,1.9691289667946887,99.66390069885652,89.65865637117992,-6.979501844981811,0.0,0.0,0.0,1.998404088682422,99.84582702433828,0,0.0
0.4921875,0.5,0.7578125,0.765625,0.7734375,0.7578125,0.0,0.0,0.0,0.0,0.0,0.0,0.0,0.0,0.7578125,0.7421875,0.640625,0.6328125,33.33333333333333,75.04418012376227,75.04418012376227,75.04418012376227,2.5231621397090804,-4.130108639806828,5.045203723631175,1.9691289667946887,99.66390069885652,89.65865637117992,-6.862880186844566,0.0,0.0,0.0,1.998404088682422,99.84582702433828,0,0.0
0.4921875,0.5,0.7578125,0.765625,0.7734375,0.7578125,0.0,0.0,0.0,0.0,0.0,0.0,0.0,0.0,0.7578125,0.7421875,0.640625,0.6328125,33.33333333333333,74.9119969935545,75.04418012376227,75.04418012376227,3.682915228775912,-5.6861756107361865,4.22441080689416,1.9800574465518543,99.66390069885652,89.65865637117992,-5.684396329138092,0.0,0.0,0.0,1.977368002394535,99.84582702433828,0,0.0
0.4921875,0.5,0.7578125,0.765625,0.7734375,0.7578125,0.0,0.0,0.0,0.0,0.0,0.0,0.0,0.0,0.7578125,0.7421875,0.640625,0.6328125,33.33333333333333,75.04418012376227,75.04418012376227,74.9119969935545,4.640352688148846,-6.543875032240995,3.170792685638713,1.9691289667946887,99.66390069885652,89.65865637117992,-3.8777685488737945,0.0,0.0,0.0,1.998404088682422,99.84582702433828,0,0.0
0.4921875,0.5,0.7578125,0.765625,0.7734375,0.7578125,0.0,0.0,0.0,0.0,0.0,0.0,0.0,0.0,0.7578125,0.7421875,0.640625,0.6328125,33.33333333333333,75.04418012376227,75.04418012376227,75.04418012376227,3.5685282139521277,-4.687000329227256,1.820889976119353,1.9800574465518543,99.66390069885652,89.65865637117992,-1.5645979678732462,0.0,0.0,0.0,2.010826023218568,99.84582702433828,0,0.0
0.4921875,0.5,0.7578125,0.765625,0.7734375,0.7578125,0.0,0.0,0.0,0.0,0.0,0.0,0.0,0.0,0.7578125,0.7421875,0.640625,0.6328125,33.33333333333333,74.95485943437167,74.95485943437167,74.95485943437167,1.0652865075898332,-1.2691478422982925,-1.0574416392515882,2.012392161083387,99.6382897858484,89.51158019209481,1.635921021941135,0.0,0.0,0.0,1.9876650862149288,99.84582702433828,0,0.0
0.4921875,0.5,0.7578125,0.765625,0.7734375,0.7578125,0.0,0.0,0.0,0.0,0.0,0.0,0.0,0.0,0.7578125,0.7421875,0.640625,0.6328125,33.33333333333333,74.95485943437167,74.95485943437167,74.95485943437167,3.217681974415388,-3.6343186739417166,-4.293323132320305,2.012392161083387,99.6382897858484,89.51158019209481,5.417863690923133,0.0,0.0,0.0,1.9707825356022333,99.51008573960192,0,0.0
0.4921875,0.5,0.7578125,0.765625,0.7734375,0.7578125,0.0,0.0,0.0,0.0,0.0,0.0,0.0,0.0,0.7578125,0.7421875,0.640625,0.6328125,33.33333333333333,74.95485943437167,74.95485943437167,74.95485943437167,0.7751509428081645,-0.930378535903804,-0.826607005893651,2.012371356857676,99.6382897858484,89.51158019209481,1.357682244897965,0.0,0.0,0.0,1.9979869438948203,99.51008573960192,0,0.0
0.4921875,0.5,0.7578125,0.765625,0.7734375,0.7578125,0.0,0.0,0.0,0.0,0.0,0.0,0.0,0.0,0.7578125,0.7421875,0.640625,0.6328125,33.33333333333333,74.95485943437167,74.95485943437167,74.95485943437167,0.0,0.0,0.0,1.983626414258885,99.6382897858484,89.51158019209481,0.0,0.0,0.0,0.0,1.9830482177846025,99.51008573960192,0,0.0
0.4921875,0.5,0.7578125,0.765625,0.7734375,0.7578125,0.0,0.0,0.0,0.0,0.0,0.0,0.0,0.0,0.7578125,0.7421875,0.640625,0.6328125,33.33333333333333,74.95485943437167,74.95485943437167,74.95485943437167,0.0,0.0,0.0,1.983626414258885,99.6382897858484,0.0,0.0,0.0,0.0,0.0,1.982142857890609,99.51008573960192,0,0.0
0.4921875,0.5,0.7578125,0.765625,0.7734375,0.7578125,0.0,0.0,0.0,0.0,0.0,0.0,0.0,0.0,0.7578125,0.7421875,0.640625,0.6328125,33.33333333333333,74.95485943437167,74.95485943437167,74.90115180383289,0.0,0.0,0.0,2.001929743121849,99.6382897858484,0.0,0.0,0.0,0.0,0.0,1.9876650862149288,99.67374002724851,0,0.0
0.4921875,0.5,0.7578125,0.765625,0.7734375,0.7578125,0.0,0.0,0.0,0.0,0.0,0.0,0.0,0.0,0.7578125,0.7421875,0.640625,0.6328125,33.33333333333333,74.95485943437167,74.95485943437167,74.95485943437167,-1.4946469326623155,1.658811695120211,1.85205762651774,2.023580128023344,99.6382897858484,0.0,-2.093680958023097,0.0,0.0,0.0,1.9876650862149288,99.67374002724851,0,0.0
0.4921875,0.5,0.7578125,0.765625,0.7734375,0.7578125,0.0,0.0,0.0,0.0,0.0,0.0,0.0,0.0,0.7578125,0.7421875,0.640625,0.6328125,33.33333333333333,74.95485943437167,74.95485943437167,74.95485943437167,-3.115187934546819,3.4007993529292317,4.373555285354056,1.9908824537246383,99.6382897858484,0.0,-5.133522481328243,0.0,0.0,0.0,2.018677116262324,99.7730013995982,0,0.0
0.4921875,0.5,0.7578125,0.765625,0.7734375,0.7578125,0.0,0.0,0.0,0.0,0.0,0.0,0.0,0.0,0.7578125,0.7421875,0.640625,0.6328125,33.33333333333333,74.95485943437167,74.95485943437167,74.95485943437167,0.0,0.0,0.0,2.009860634659325,99.52228728140447,0.0,0.0,0.0,0.0,0.0,2.022509520987263,99.71602347752052,0,0.0
0.4921875,0.5,0.7578125,0.765625,0.7734375,0.7578125,0.0,0.0,0.0,0.0,0.0,0.0,0.0,0.0,0.7578125,0.7421875,0.640625,0.6328125,33.33333333333333,74.90115180383289,74.95485943437167,74.95485943437167,0.0,0.0,0.0,1.9846626089092416,99.52228728140447,0.0,0.0,0.0,0.0,0.0,2.012653743959009,99.71602347752052,0,0.0
0.4921875,0.5,0.7578125,0.765625,0.7734375,0.7578125,0.0,0.0,0.0,0.0,0.0,0.0,0.0,0.0,0.7578125,0.7421875,0.640625,0.6328125,33.33333333333333,74.95485943437167,74.95485943437167,74.94724775330761,0.0,0.0,0.0,2.009860634659325,99.52228728140447,0.0,0.0,0.0,0.0,0.0,2.012653743959009,99.71602347752052,0,0.0
0.4921875,0.5,0.7578125,0.765625,0.7734375,0.7578125,0.0,0.0,0.0,0.0,0.0,0.0,0.0,0.0,0.7578125,0.7421875,0.640625,0.6328125,33.33333333333333,74.95485943437167,74.90115180383289,74.95485943437167,0.0,0.0,0.0,1.993309604117052,99.52228728140447,0.0,0.0,0.0,0.0,0.0,2.022509520987263,99.71602347752052,0,0.0
0.4921875,0.5,0.7578125,0.765625,0.7734375,0.7578125,0.0,0.0,0.0,0.0,0.0,0.0,0.0,0.0,0.7578125,0.7421875,0.640625,0.6328125,33.33333333333333,74.95485943437167,74.95485943437167,74.95485943437167,0.0,0.0,0.0,2.009860634659325,99.52228728140447,0.0,0.0,0.0,0.0,0.0,1.98241096384977,99.58548892977848,0,0.0
0.4921875,0.5,0.7578125,0.765625,0.7734375,0.7578125,0.0,0.0,0.0,0.0,0.0,0.0,0.0,0.0,0.7578125,0.7421875,0.640625,0.6328125,33.33333333333333,74.94724775330761,74.95485943437167,74.94724775330761,0.0,0.0,0.0,2.009860634659325,99.52228728140447,0.0,0.0,0.0,0.0,0.0,1.98241096384977,99.58548892977848,0,0.0
0.4921875,0.5,0.7578125,0.765625,0.7734375,0.7578125,0.0,0.0,0.0,0.0,0.0,0.0,0.0,0.0,0.7578125,0.7421875,0.640625,0.6328125,33.33333333333333,74.95485943437167,74.95485943437167,74.95485943437167,0.0,0.0,0.0,1.9846626089092416,99.52228728140447,0.0,0.0,0.0,0.0,0.0,2.012653743959009,99.58548892977848,0,0.0
0.4921875,0.5,0.7578125,0.765625,0.7734375,0.7578125,0.0,0.0,0.0,0.0,0.0,0.0,0.0,0.0,0.7578125,0.7421875,0.640625,0.6328125,33.33333333333333,74.95485943437167,74.90115180383289,74.90115180383289,0.0,0.0,0.0,2.014743343308805,99.52228728140447,0.0,0.0,0.0,0.0,0.0,1.9671763551900925,99.838260752943,0,0.0
0.4921875,0.5,0.7578125,0.765625,0.7734375,0.7578125,0.0,0.0,0.0,0.0,0.0,0.0,0.0,0.0,0.7578125,0.7421875,0.640625,0.6328125,33.33333333333333,74.95485943437167,74.95485943437167,74.95485943437167,0.0,0.0,0.0,2.009860634659325,99.52228728140447,0.0,0.0,0.0,0.0,0.0,2.012653743959009,99.71602347752052,0,0.0
0.4921875,0.5,0.7578125,0.765625,0.7734375,0.7578125,0.0,0.0,0.0,0.0,0.0,0.0,0.0,0.0,0.7578125,0.7421875,0.640625,0.6328125,33.33333333333333,74.95485943437167,74.95485943437167,74.95485943437167,0.0,0.0,0.0,1.993309604117052,99.52228728140447,0.0,0.0,0.0,0.0,0.0,1.9976347944465365,99.58548892977848,0,0.0
0.4921875,0.5,0.7578125,0.765625,0.7734375,0.7578125,0.0,0.0,0.0,0.0,0.0,0.0,0.0,0.0,0.7578125,0.7421875,0.640625,0.6328125,33.33333333333333,74.95485943437167,74.95485943437167,74.95485943437167,0.0,0.0,0.0,2.009860634659325,99.52228728140447,0.0,0.0,0.0,0.0,0.0,1.9900971313364777,99.58548892977848,0,0.0
0.4921875,0.5,0.7578125,0.765625,0.7734375,0.7578125,0.0,0.0,0.0,0.0,0.0,0.0,0.0,0.0,0.7578125,0.7421875,0.640625,0.6328125,33.33333333333333,74.95485943437167,74.94724775330761,74.95485943437167,0.0,0.0,0.0,1.993309604117052,99.52228728140447,0.0,0.0,0.0,0.0,0.0,2.012653743959009,99.71602347752052,0,0.0
0.4921875,0.5,0.7578125,0.765625,0.7734375,0.7578125,0.0,0.0,0.0,0.0,0.0,0.0,0.0,0.0,0.7578125,0.7421875,0.640625,0.6328125,33.33333333333333,75.18202574711819,75.18202574711819,75.0376096974291,0.0,0.0,0.0,1.9946680503761136,99.52228728140447,0.0,0.0,0.0,0.0,0.0,2.004819992233076,99.61540855490595,0,0.0
0.4921875,0.5,0.7578125,0.765625,0.7734375,0.7578125,0.0,0.0,0.0,0.0,0.0,0.0,0.0,0.0,0.7578125,0.7421875,0.640625,0.6328125,33.33333333333333,75.18202574711819,75.18202574711819,75.18202574711819,0.0,0.0,0.0,1.9946680503761136,99.52228728140447,0.0,0.0,0.0,0.0,0.0,2.0003130723897864,99.61540855490595,0,0.0
0.4921875,0.5,0.7578125,0.765625,0.7734375,0.7578125,0.0,0.0,0.0,0.0,0.0,0.0,0.0,0.0,0.7578125,0.7421875,0.640625,0.6328125,33.33333333333333,75.18202574711819,75.18202574711819,75.18202574711819,0.0,0.0,0.0,1.9710874291389109,99.52228728140447,0.0,0.0,0.0,0.0,0.0,2.000511412790229,99.61540855490595,0,0.0
0.4921875,0.5,0.7578125,0.765625,0.7734375,0.7578125,0.0,0.0,0.0,0.0,0.0,0.0,0.0,0.0,0.7578125,0.7421875,0.640625,0.6328125,33.33333333333333,75.18202574711819,75.18392354220303,75.18202574711819,0.0,0.0,0.0,1.9946680503761136,99.52228728140447,0.0,0.0,0.0,0.0,0.0,1.999844223320545,99.61540855490595,0,0.0
0.4921875,0.5,0.7578125,0.765625,0.7734375,0.7578125,0.0,0.0,0.0,0.0,0.0,0.0,0.0,0.0,0.7578125,0.7421875,0.640625,0.6328125,33.33333333333333,75.18202574711819,75.18202574711819,75.18202574711819,0.0,0.0,0.0,1.9946680503761136,99.52228728140447,0.0,0.0,0.0,0.0,0.0,1.999844223320545,99.61540855490595,0,0.0
0.4921875,0.5,0.7578125,0.765625,0.7734375,0.7578125,0.0,0.0,0.0,0.0,0.0,0.0,0.0,0.0,0.7578125,0.7421875,0.640625,0.6328125,33.33333333333333,75.18392354220303,75.18202574711819,75.0376096974291,0.0,0.0,0.0,1.989898705947181,99.52228728140447,0.0,0.0,0.0,0.0,0.0,2.032900892705717,99.61540855490595,0,0.0
0.4921875,0.5,0.7578125,0.765625,0.7734375,0.7578125,0.0,0.0,0.0,0.0,0.0,0.0,0.0,0.0,0.7578125,0.7421875,0.640625,0.6328125,33.33333333333333,75.18202574711819,75.0376096974291,75.18202574711819,0.0,0.0,0.0,1.969653927107752,99.53181842979934,0.0,0.0,0.0,0.0,0.0,1.9920114678377845,99.61540855490595,0,0.0
0.4921875,0.5,0.7578125,0.765625,0.7734375,0.7578125,0.0,0.0,0.0,0.0,0.0,0.0,0.0,0.0,0.7578125,0.7421875,0.640625,0.6328125,33.33333333333333,75.18202574711819,75.18202574711819,75.18202574711819,0.0,0.0,0.0,1.9946680503761136,99.53181842979934,0.0,0.0,0.0,0.0,0.0,2.0148988606290943,99.61540855490595,0,0.0
0.4921875,0.5,0.7578125,0.765625,0.7734375,0.7578125,0.0,0.0,0.0,0.0,0.0,0.0,0.0,0.0,0.7578125,0.7421875,0.640625,0.6328125,33.33333333333333,75.18392354220303,75.18202574711819,75.18202574711819,0.0,0.0,0.0,2.028930993332181,99.53181842979934,0.0,0.0,0.0,0.0,0.0,1.9920114678377845,99.8488848664934,0,0.0
0.4921875,0.5,0.7578125,0.765625,0.7734375,0.7578125,0.0,0.0,0.0,0.0,0.0,0.0,0.0,0.0,0.7578125,0.7421875,0.640625,0.6328125,33.33333333333333,75.18202574711819,75.18202574711819,75.18202574711819,0.0,0.0,0.0,1.997769924651612,99.53181842979934,0.0,0.0,0.0,0.0,0.0,1.999844223320545,99.8488848664934,0,0.0
0.4921875,0.5,0.7578125,0.765625,0.7734375,0.7578125,0.0,0.0,0.0,0.0,0.0,0.0,0.0,0.0,0.7578125,0.7421875,0.640625,0.6328125,33.33333333333333,75.18202574711819,75.18202574711819,75.18392354220303,0.0,0.0,0.0,2.028930993332181,99.53181842979934,0.0,0.0,0.0,0.0,0.0,2.000511412790229,99.61540855490595,0,0.0
0.4921875,0.5,0.7578125,0.765625,0.7734375,0.7578125,0.0,0.0,0.0,0.0,0.0,0.0,0.0,0.0,0.7578125,0.7421875,0.640625,0.6328125,33.33333333333333,75.18392354220303,75.18202574711819,75.18202574711819,0.0,0.0,0.0,1.9946680503761136,99.53181842979934,0.0,0.0,0.0,0.0,0.0,1.999844223320545,99.61540855490595,0,0.0
0.4921875,0.5,0.7578125,0.765625,0.7734375,0.7578125,0.0,0.0,0.0,0.0,0.0,0.0,0.0,0.0,0.7578125,0.7421875,0.640625,0.6328125,33.33333333333333,75.18202574711819,75.18202574711819,75.0376096974291,0.0,0.0,0.0,1.9946680503761136,99.53181842979934,0.0,0.0,0.0,0.0,0.0,2.0003130723897864,99.61540855490595,0,0.0
0.4921875,0.5,0.7578125,0.765625,0.7734375,0.7578125,0.0,0.0,0.0,0.0,0.0,0.0,0.0,0.0,0.7578125,0.7421875,0.640625,0.6328125,33.33333333333333,75.18202574711819,75.0376096974291,75.18202574711819,0.0,0.0,0.0,1.9946680503761136,99.53181842979934,0.0,0.0,0.0,0.0,0.0,1.999844223320545,99.61540855490595,0,0.0
0.4921875,0.5,0.7578125,0.765625,0.7734375,0.7578125,0.0,0.0,0.0,0.0,0.0,0.0,0.0,0.0,0.7578125,0.7421875,0.640625,0.6328125,33.33333333333333,75.18392354220303,75.18202574711819,75.18202574711819,0.0,0.0,0.0,1.969653927107752,99.53181842979934,0.0,0.0,0.0,0.0,0.0,1.9920114678377845,99.61540855490595,0,0.0
0.4921875,0.5,0.7578125,0.765625,0.7734375,0.7578125,0.0,0.0,0.0,0.0,0.0,0.0,0.0,0.0,0.7578125,0.7421875,0.640625,0.6328125,33.33333333333333,75.18202574711819,75.18202574711819,75.18202574711819,0.0,0.0,0.0,1.9946680503761136,99.53181842979934,0.0,0.0,0.0,0.0,0.0,2.0148988606290943,99.61540855490595,0,0.0
0.4921875,0.5,0.7578125,0.765625,0.7734375,0.7578125,0.0,0.0,0.0,0.0,0.0,0.0,0.0,0.0,0.7578125,0.7421875,0.640625,0.6328125,33.33333333333333,75.18202574711819,75.18202574711819,75.18202574711819,0.0,0.0,0.0,1.9946680503761136,99.53181842979934,0.0,0.0,0.0,0.0,0.0,2.004819992233076,99.8760999161068,0,0.0
0.4921875,0.5,0.7578125,0.765625,0.7734375,0.7578125,0.0,0.0,0.0,0.0,0.0,0.0,0.0,0.0,0.7578125,0.7421875,0.640625,0.6328125,33.33333333333333,75.18392354220303,75.18392354220303,75.18392354220303,0.0,0.0,0.0,1.997769924651612,99.53181842979934,0.0,0.0,0.0,0.0,0.0,2.032900892705717,99.8760999161068,0,0.0
0.4921875,0.5,0.7578125,0.765625,0.7734375,0.7578125,0.0,0.0,0.0,0.0,0.0,0.0,0.0,0.0,0.7578125,0.7421875,0.640625,0.6328125,33.33333333333333,75.18202574711819,75.18202574711819,75.18202574711819,0.0,0.0,0.0,2.028930993332181,99.53181842979934,0.0,0.0,0.0,0.0,0.0,2.0148988606290943,99.8760999161068,0,0.0
0.4921875,0.515625,0.7578125,0.765625,0.7734375,0.7578125,0.0,0.0,0.0,0.0,0.0,0.0,0.0,0.0,0.7578125,0.7421875,0.640625,0.6328125,33.33333333333333,75.18202574711819,75.18202574711819,75.18202574711819,0.0,0.0,0.0,1.9946680503761136,99.53181842979934,0.0,0.0,0.0,0.0,0.0,2.0003130723897864,99.61540855490595,0,0.0
0.4921875,0.515625,0.7578125,0.765625,0.7734375,0.7578125,0.0,0.0,0.0,0.0,0.0,0.0,0.0,0.0,0.7578125,0.7421875,0.640625,0.6328125,33.33333333333333,74.87381532747382,75.0713696255923,74.87381532747382,0.0,0.0,0.0,1.9986357696896453,99.53181842979934,0.0,0.0,0.0,0.0,0.0,2.017936516952462,99.61540855490595,0,0.0
0.4921875,0.515625,0.7578125,0.765625,0.7734375,0.7578125,0.0,0.0,0.0,0.0,0.0,0.0,0.0,0.0,0.7578125,0.7421875,0.640625,0.6328125,33.33333333333333,74.87381532747382,74.87381532747382,74.87381532747382,0.0,0.0,0.0,2.006923217424286,99.90054394508512,0.0,0.0,0.0,0.0,0.0,1.984294377900062,99.61540855490595,0,0.0
0.4921875,0.515625,0.7578125,0.765625,0.7734375,0.7578125,0.0,0.0,0.0,0.0,0.0,0.0,0.0,0.0,0.7578125,0.7421875,0.640625,0.6328125,33.33333333333333,74.87381532747382,74.87381532747382,75.0713696255923,0.0,0.0,0.0,2.00922424209608,99.91216056411903,0.0,0.0,0.0,0.0,0.0,1.9925973873441487,99.61540855490595,0,0.0
0.4921875,0.515625,0.7578125,0.765625,0.7734375,0.7578125,0.0,0.0,0.0,0.0,0.0,0.0,0.0,0.0,0.7578125,0.7421875,0.640625,0.6328125,33.33333333333333,74.87381532747382,74.87381532747382,74.87381532747382,0.0,0.0,0.0,2.00922424209608,99.91216056411903,0.0,0.0,0.0,0.0,0.0,2.005970213325735,99.61540855490595,0,0.0
0.4921875,0.515625,0.7578125,0.765625,0.7734375,0.7578125,0.0,0.0,0.0,0.0,0.0,0.0,0.0,0.0,0.7578125,0.7421875,0.640625,0.6328125,33.33333333333333,74.87381532747382,74.87381532747382,74.87381532747382,0.0,0.0,0.0,2.010374113816776,99.84162867979946,0.0,0.0,0.0,0.0,0.0,1.9789883796283827,99.58573250481304,0,0.0
0.4921875,0.515625,0.7578125,0.765625,0.7734375,0.7578125,0.0,0.0,0.0,0.0,0.0,0.0,0.0,0.0,0.7578125,0.7421875,0.640625,0.6328125,33.33333333333333,75.0713696255923,74.87381532747382,74.87381532747382,0.0,0.0,0.0,1.9986357696896453,99.84162867979946,0.0,0.0,0.0,0.0,0.0,2.017936516952462,99.58096339766504,0,0.0
0.4921875,0.515625,0.7578125,0.765625,0.7734375,0.7578125,0.0,0.0,0.0,0.0,0.0,0.0,0.0,0.0,0.7578125,0.7421875,0.640625,0.6328125,33.33333333333333,74.87381532747382,74.87381532747382,74.87381532747382,0.0,0.0,0.0,1.9986357696896453,99.84162867979946,0.0,0.0,0.0,0.0,0.0,1.9925973873441487,99.58096339766504,0,0.0
0.4921875,0.515625,0.7578125,0.765625,0.7734375,0.7578125,0.0,0.0,0.0,0.0,0.0,0.0,0.0,0.0,0.7578125,0.7421875,0.640625,0.6328125,33.33333333333333,74.87381532747382,75.0713696255923,74.87381532747382,0.0,0.0,0.0,1.9986357696896453,99.84162867979946,0.0,0.0,0.0,0.0,0.0,2.017936516952462,99.58096339766504,0,0.0
0.4921875,0.515625,0.7578125,0.765625,0.7734375,0.7578125,0.0,0.0,0.0,0.0,0.0,0.0,0.0,0.0,0.7578125,0.7421875,0.640625,0.6328125,33.33333333333333,75.0713696255923,74.87381532747382,74.87381532747382,0.0,0.0,0.0,2.00922424209608,99.91216056411903,0.0,0.0,0.0,0.0,0.0,1.9887241546706145,99.58096339766504,0,0.0
0.4921875,0.515625,0.7578125,0.765625,0.7734375,0.7578125,0.0,0.0,0.0,0.0,0.0,0.0,0.0,0.0,0.7578125,0.7421875,0.640625,0.6328125,33.33333333333333,74.87381532747382,74.87381532747382,75.0713696255923,0.0,0.0,0.0,1.9986357696896453,99.91216056411903,0.0,0.0,0.0,0.0,0.0,2.017936516952462,99.58096339766504,0,0.0
0.4921875,0.515625,0.7578125,0.765625,0.7734375,0.7578125,0.0,0.0,0.0,0.0,0.0,0.0,0.0,0.0,0.7578125,0.7421875,0.640625,0.6328125,33.33333333333333,74.87381532747382,74.87381532747382,74.87381532747382,0.0,0.0,0.0,2.00922424209608,99.91216056411903,0.0,0.0,0.0,0.0,0.0,1.9639764582875447,99.58096339766504,0,0.0
0.4921875,0.515625,0.7578125,0.765625,0.7734375,0.7578125,0.0,0.0,0.0,0.0,0.0,0.0,0.0,0.0,0.7578125,0.7421875,0.640625,0.6328125,33.33333333333333,75.06733978646025,74.87381532747382,74.87381532747382,0.0,0.0,0.0,2.0279537887724723,99.84162867979946,0.0,0.0,0.0,0.0,0.0,1.9789883796283827,99.58573250481304,0,0.0
0.4921875,0.515625,0.7578125,0.765625,0.7734375,0.7578125,0.0,0.0,0.0,0.0,0.0,0.0,0.0,0.0,0.7578125,0.7421875,0.640625,0.6328125,33.33333333333333,74.87381532747382,74.87381532747382,74.87381532747382,0.0,0.0,0.0,2.00922424209608,99.84162867979946,0.0,0.0,0.0,0.0,0.0,1.9925973873441487,99.58573250481304,0,0.0
0.4921875,0.515625,0.7578125,0.765625,0.7734375,0.7578125,0.0,0.0,0.0,0.0,0.0,0.0,0.0,0.0,0.7578125,0.7421875,0.640625,0.6328125,33.33333333333333,74.87381532747382,74.87381532747382,74.87381532747382,0.0,0.0,0.0,2.00922424209608,99.84162867979946,0.0,0.0,0.0,0.0,0.0,2.017936516952462,99.58573250481304,0,0.0
0.4921875,0.515625,0.7578125,0.765625,0.7734375,0.7578125,0.0,0.0,0.0,0.0,0.0,0.0,0.0,0.0,0.7578125,0.7421875,0.640625,0.6328125,33.33333333333333,74.87381532747382,75.0713696255923,74.87381532747382,0.0,0.0,0.0,1.9986357696896453,99.84162867979946,0.0,0.0,0.0,0.0,0.0,2.017936516952462,99.58573250481304,0,0.0
0.4921875,0.515625,0.7578125,0.765625,0.7734375,0.7578125,0.0,0.0,0.0,0.0,0.0,0.0,0.0,0.0,0.7578125,0.7421875,0.640625,0.6328125,33.33333333333333,74.87381532747382,74.87381532747382,74.87381532747382,0.0,0.0,0.0,2.00392242379101,99.84162867979946,0.0,0.0,0.0,0.0,0.0,1.9988273563996195,99.58573250481304,0,0.0
0.4921875,0.515625,0.7578125,0.7578125,0.7734375,0.7578125,0.0,0.0,0.0,0.0,0.0,0.0,0.0,0.0,0.7578125,0.7421875,0.640625,0.6328125,33.33333333333333,74.87381532747382,74.87381532747382,75.06733978646025,0.0,0.0,0.0,2.00922424209608,99.91216056411903,0.0,0.0,0.0,0.0,0.0,1.9925973873441487,99.58573250481304,0,0.0
0.4921875,0.515625,0.7578125,0.7578125,0.7734375,0.7890625,0.0,0.0,0.0,0.0,0.0,0.0,0.0,0.0,0.7578125,0.7421875,0.640625,0.6328125,33.33333333333333,75.0713696255923,74.87381532747382,74.87381532747382,0.0,0.0,0.0,2.00922424209608,99.91216056411903,0.0,0.0,0.0,0.0,0.0,1.9639764582875447,99.58573250481304,0,0.0
0.4921875,0.515625,0.7578125,0.7578125,0.7734375,0.7890625,0.0,0.0,0.0,0.0,0.0,0.0,0.0,0.0,0.7578125,0.7421875,0.640625,0.6328125,33.33333333333333,74.87381532747382,74.87381532747382,74.87381532747382,0.0,0.0,0.0,2.00922424209608,99.91216056411903,0.0,0.0,0.0,0.0,0.0,2.0136831597452045,99.58573250481304,0,0.0
0.4921875,0.515625,0.7578125,0.7578125,0.7734375,0.7890625,0.0,0.0,0.0,0.0,0.0,0.0,0.0,0.0,0.7578125,0.7421875,0.640625,0.6328125,33.33333333333333,74.87381532747382,75.0713696255923,74.87381532747382,0.0,0.0,0.0,1.9986357696896453,99.91216056411903,0.0,0.0,0.0,0.0,0.0,1.9639764582875447,99.58573250481304,0,0.0
0.4921875,0.515625,0.7578125,0.7578125,0.7734375,0.7890625,0.0,0.0,0.0,0.0,0.0,0.0,0.0,0.0,0.7578125,0.7421875,0.640625,0.6328125,33.33333333333333,75.07981425679998,75.07981425679998,75.07981425679998,0.0,0.0,0.0,1.9735522394917535,99.91216056411903,0.0,0.0,0.0,0.0,0.0,2.010078906934336,99.5122001227192,0,0.0
0.4921875,0.515625,0.7578125,0.7578125,0.7734375,0.7890625,0.0,0.0,0.0,0.0,0.0,0.0,0.0,0.0,0.7578125,0.7421875,0.640625,0.6328125,33.33333333333333,74.92795427236265,75.07981425679998,75.07981425679998,0.0,0.0,0.0,1.972510347556833,99.91216056411903,0.0,0.0,0.0,0.0,0.0,2.0126678123479778,99.5122001227192,0,0.0
0.4921875,0.515625,0.7578125,0.7578125,0.7734375,0.7890625,0.0,0.0,0.0,0.0,0.0,0.0,0.0,0.0,0.7578125,0.7421875,0.640625,0.6328125,33.33333333333333,75.07981425679998,74.9841498586105,75.07981425679998,0.0,0.0,0.0,1.9840658754940308,99.91216056411903,0.0,0.0,0.0,0.0,0.0,1.9759104553859632,99.5122001227192,0,0.0
0.4921875,0.515625,0.7578125,0.7578125,0.7734375,0.7890625,0.0,0.0,0.0,0.0,0.0,0.0,0.0,0.0,0.7578125,0.7421875,0.640625,0.6328125,33.33333333333333,75.07981425679998,75.07981425679998,75.07981425679998,0.0,0.0,0.0,1.99435520779805,99.91216056411903,0.0,0.0,0.0,0.0,0.0,2.0068483646167463,99.5122001227192,0,0.0
0.4921875,0.515625,0.7578125,0.7578125,0.7734375,0.7890625,0.0,0.0,0.0,0.0,0.0,0.0,0.0,0.0,0.7578125,0.7421875,0.640625,0.6328125,33.33333333333333,74.92795427236265,75.07981425679998,75.07981425679998,0.0,0.0,0.0,1.990738262893172,99.91216056411903,0.0,0.0,0.0,0.0,0.0,1.9866566431966963,99.5122001227192,0,0.0
0.4921875,0.515625,0.7578125,0.7578125,0.7734375,0.7890625,0.0,0.0,0.0,0.0,0.0,0.0,0.0,0.0,0.7578125,0.7421875,0.640625,0.6328125,33.33333333333333,75.07981425679998,74.9841498586105,75.07981425679998,0.0,0.0,0.0,1.9735522394917535,99.91216056411903,0.0,0.0,0.0,0.0,0.0,2.010078906934336,99.5122001227192,0,0.0
0.4921875,0.515625,0.7578125,0.7578125,0.7734375,0.7890625,0.0,0.0,0.0,0.0,0.0,0.0,0.0,0.0,0.7578125,0.7421875,0.640625,0.6328125,33.33333333333333,75.07981425679998,75.07981425679998,74.9841498586105,0.0,0.0,0.0,1.9735522394917535,99.91216056411903,0.0,0.0,0.0,0.0,0.0,2.010061126310324,99.5122001227192,0,0.0
0.4921875,0.515625,0.7578125,0.7578125,0.7734375,0.7890625,0.0,0.0,0.0,0.0,0.0,0.0,0.0,0.0,0.7578125,0.7421875,0.640625,0.6328125,33.33333333333333,74.92795427236265,75.07981425679998,75.07981425679998,0.0,0.0,0.0,1.9840658754940308,99.91216056411903,0.0,0.0,0.0,0.0,0.0,2.010078906934336,99.5122001227192,0,0.0
0.4921875,0.515625,0.7578125,0.7578125,0.7734375,0.7890625,0.0,0.0,0.0,0.0,0.0,0.0,0.0,0.0,0.7578125,0.7421875,0.640625,0.6328125,33.33333333333333,75.07981425679998,75.07981425679998,75.07981425679998,0.0,0.0,0.0,1.995336946121449,99.6128959400793,0.0,0.0,0.0,0.0,0.0,1.9710911207673696,99.5122001227192,0,0.0
0.4921875,0.515625,0.7578125,0.7578125,0.7734375,0.7890625,0.0,0.0,0.0,0.0,0.0,0.0,0.0,0.0,0.7578125,0.7421875,0.640625,0.6328125,33.33333333333333,75.07981425679998,75.07981425679998,74.92795427236265,0.0,0.0,0.0,1.99435520779805,99.6128959400793,0.0,0.0,0.0,0.0,0.0,2.0068483646167463,99.5122001227192,0,0.0
0.4921875,0.515625,0.7578125,0.7578125,0.7734375,0.7890625,0.0,0.0,0.0,0.0,0.0,0.0,0.0,0.0,0.7578125,0.7421875,0.640625,0.6328125,33.33333333333333,74.9841498586105,75.07981425679998,75.07981425679998,0.0,0.0,0.0,2.011132156079857,99.6128959400793,0.0,0.0,0.0,0.0,0.0,2.0280619169514345,99.5122001227192,0,0.0
0.4921875,0.515625,0.7578125,0.7578125,0.7734375,0.7890625,0.0,0.0,0.0,0.0,0.0,0.0,0.0,0.0,0.7578125,0.7421875,0.640625,0.6328125,33.33333333333333,75.07981425679998,75.07981425679998,75.07981425679998,0.0,0.0,0.0,1.99435520779805,99.6128959400793,0.0,0.0,0.0,0.0,0.0,2.0068483646167463,99.5122001227192,0,0.0
0.4921875,0.515625,0.7578125,0.7578125,0.7734375,0.7890625,0.0,0.0,0.0,0.0,0.0,0.0,0.0,0.0,0.7578125,0.7421875,0.640625,0.6328125,33.33333333333333,75.07981425679998,74.92795427236265,75.07981425679998,0.0,0.0,0.0,1.99435520779805,99.6128959400793,0.0,0.0,0.0,0.0,0.0,2.011887943696782,99.5122001227192,0,0.0
0.4921875,0.515625,0.7578125,0.7578125,0.7734375,0.7890625,0.0,0.0,0.0,0.0,0.0,0.0,0.0,0.0,0.7578125,0.7421875,0.640625,0.6328125,33.33333333333333,75.07981425679998,75.07981425679998,75.07981425679998,0.0,0.0,0.0,1.9921104096380349,99.6128959400793,0.0,0.0,0.0,0.0,0.0,2.010078906934336,99.5122001227192,0,0.0
0.4921875,0.515625,0.7578125,0.7578125,0.7734375,0.7890625,0.0,0.0,0.0,0.0,0.0,0.0,0.0,0.0,0.7578125,0.7421875,0.640625,0.6328125,33.33333333333333,75.07981425679998,75.07981425679998,75.07981425679998,0.0,0.0,0.0,1.9735522394917535,99.6128959400793,0.0,0.0,0.0,0.0,0.0,2.011887943696782,99.5122001227192,0,0.0
0.4921875,0.515625,0.7578125,0.7578125,0.7734375,0.7890625,0.0,0.0,0.0,0.0,0.0,0.0,0.0,0.0,0.7578125,0.7421875,0.640625,0.6328125,33.33333333333333,75.07981425679998,74.92795427236265,75.07981425679998,0.0,0.0,0.0,1.99435520779805,99.6128959400793,0.0,0.0,0.0,0.0,0.0,2.011887943696782,99.5122001227192,0,0.0
0.4921875,0.515625,0.7578125,0.7578125,0.7734375,0.7890625,0.0,0.0,0.0,0.0,0.0,0.0,0.0,0.0,0.7578125,0.7421875,0.640625,0.6328125,33.33333333333333,75.07981425679998,75.07981425679998,75.07981425679998,0.0,0.0,0.0,1.99435520779805,99.6128959400793,0.0,0.0,0.0,0.0,0.0,2.0068483646167463,99.5122001227192,0,0.0
0.4921875,0.515625,0.7578125,0.7578125,0.7734375,0.7890625,0.0,0.0,0.0,0.0,0.0,0.0,0.0,0.0,0.7578125,0.7421875,0.640625,0.6328125,33.33333333333333,75.07981425679998,75.07981425679998,75.07981425679998,0.0,0.0,0.0,1.99435520779805,99.6128959400793,0.0,0.0,0.0,0.0,0.0,2.011887943696782,99.5122001227192,0,0.0
0.4921875,0.515625,0.7578125,0.7578125,0.7734375,0.7890625,0.0,0.0,0.0,0.0,0.0,0.0,0.0,0.0,0.7578125,0.7421875,0.640625,0.6328125,33.33333333333333,75.07981425679998,74.92795427236265,75.07981425679998,0.0,0.0,0.0,1.99435520779805,99.6128959400793,0.0,0.0,0.0,0.0,0.0,2.011887943696782,99.5122001227192,0,0.0
0.4765625,0.5078125,0.7578125,0.7578125,0.7734375,0.7890625,0.0,0.0,0.0,0.0,0.0,0.0,0.0,0.0,0.7578125,0.7421875,0.640625,0.6328125,33.33333333333333,75.07981425679998,75.07981425679998,75.07981425679998,0.0,0.0,0.0,2.011132156079857,99.6128959400793,0.0,0.0,0.0,0.0,0.0,2.0126678123479778,99.5122001227192,0,0.0
0.4765625,0.5078125,0.7578125,0.7578125,0.7734375,0.7890625,0.0,0.0,0.0,0.0,0.0,0.0,0.0,0.0,0.7578125,0.7421875,0.640625,0.6328125,33.33333333333333,74.76186265202617,74.76186265202617,74.76186265202617,0.0,0.0,0.0,1.9951405129151092,99.6457518427186,0.0,0.0,0.0,0.0,0.0,1.9602512222732749,99.5122001227192,0,0.0
0.4765625,0.5078125,0.7578125,0.7578125,0.7734375,0.7890625,0.0,0.0,0.0,0.0,0.0,0.0,0.0,0.0,0.7578125,0.7421875,0.640625,0.6328125,33.33333333333333,74.91547302866361,74.91547302866361,74.76186265202617,0.0,0.0,0.0,2.008512882304049,99.6457518427186,0.0,0.0,0.0,0.0,0.0,2.028800372835942,99.5122001227192,0,0.0
0.4765625,0.5078125,0.7578125,0.7578125,0.7734375,0.7890625,0.0,0.0,0.0,0.0,0.0,0.0,0.0,0.0,0.7578125,0.7421875,0.640625,0.6328125,33.33333333333333,74.76186265202617,74.76186265202617,74.76186265202617,0.0,0.0,0.0,2.008512882304049,99.6457518427186,0.0,0.0,0.0,0.0,0.0,1.9991741464908688,99.66289800865994,0,0.0
0.4765625,0.5078125,0.7578125,0.7578125,0.7734375,0.7890625,0.0,0.0,0.0,0.0,0.0,0.0,0.0,0.0,0.7578125,0.7421875,0.640625,0.6328125,33.33333333333333,74.76186265202617,74.76186265202617,74.96068235738392,0.0,0.0,0.0,1.9951405129151092,99.6457518427186,0.0,0.0,0.0,0.0,0.0,1.9871864038438656,99.66289800865994,0,0.0
0.4765625,0.5078125,0.7578125,0.7578125,0.7734375,0.7890625,0.0,0.0,0.0,0.0,0.0,0.0,0.0,0.0,0.7578125,0.7421875,0.640625,0.6328125,33.33333333333333,74.76186265202617,74.76186265202617,74.76186265202617,0.0,0.0,0.0,1.9951405129151092,99.6457518427186,0.0,0.0,0.0,0.0,0.0,1.9602512222732749,99.66289800865994,0,0.0
0.4765625,0.5078125,0.7578125,0.7578125,0.7734375,0.7890625,0.0,0.0,0.0,0.0,0.0,0.0,0.0,0.0,0.7578125,0.7421875,0.640625,0.6328125,33.33333333333333,74.76186265202617,74.76186265202617,74.76186265202617,0.0,0.0,0.0,1.9951405129151092,99.6457518427186,0.0,0.0,0.0,0.0,0.0,1.9991741464908688,99.66289800865994,0,0.0
0.4765625,0.5078125,0.7578125,0.7578125,0.7734375,0.7890625,0.0,0.0,0.0,0.0,0.0,0.0,0.0,0.0,0.7578125,0.7421875,0.640625,0.6328125,33.33333333333333,74.76186265202617,74.76186265202617,74.91547302866361,0.0,0.0,0.0,2.0287926821261766,99.6457518427186,0.0,0.0,0.0,0.0,0.0,1.9995586570724344,99.66289800865994,0,0.0
0.4765625,0.5078125,0.7578125,0.7578125,0.7734375,0.7890625,0.0,0.0,0.0,0.0,0.0,0.0,0.0,0.0,0.7578125,0.7421875,0.640625,0.6328125,33.33333333333333,74.76186265202617,74.76186265202617,74.76186265202617,0.0,0.0,0.0,1.9951405129151092,99.6457518427186,0.0,0.0,0.0,0.0,0.0,2.028800372835942,99.66289800865994,0,0.0
0.4765625,0.5078125,0.7578125,0.7578125,0.7734375,0.7890625,0.0,0.0,0.0,0.0,0.0,0.0,0.0,0.0,0.7578125,0.7421875,0.640625,0.6328125,33.33333333333333,74.76186265202617,74.76186265202617,74.76186265202617,0.0,0.0,0.0,1.9951405129151092,99.6457518427186,0.0,0.0,0.0,0.0,0.0,2.028800372835942,99.66289800865994,0,0.0
0.4765625,0.5078125,0.7578125,0.7578125,0.7734375,0.7890625,0.0,0.0,0.0,0.0,0.0,0.0,0.0,0.0,0.7578125,0.7421875,0.640625,0.6328125,33.33333333333333,74.96068235738392,74.76186265202617,74.76186265202617,0.0,0.0,0.0,1.99437066864436,99.6457518427186,0.0,0.0,0.0,0.0,0.0,1.9871864038438656,99.66289800865994,0,0.0
0.4765625,0.5078125,0.7578125,0.7578125,0.7734375,0.7890625,0.0,0.0,0.0,0.0,0.0,0.0,0.0,0.0,0.7578125,0.7421875,0.640625,0.6328125,33.33333333333333,74.76186265202617,74.76186265202617,74.76186265202617,0.0,0.0,0.0,1.9951405129151092,99.6457518427186,0.0,0.0,0.0,0.0,0.0,2.028800372835942,99.66289800865994,0,0.0
0.4765625,0.5078125,0.7578125,0.7578125,0.7734375,0.7890625,0.0,0.0,0.0,0.0,0.0,0.0,0.0,0.0,0.7578125,0.7421875,0.640625,0.6328125,33.33333333333333,74.76186265202617,74.76186265202617,74.76186265202617,0.0,0.0,0.0,2.008512882304049,99.6457518427186,0.0,0.0,0.0,0.0,0.0,1.977043697133496,99.66289800865994,0,0.0
0.4765625,0.5078125,0.7578125,0.7578125,0.7734375,0.7890625,0.0,0.0,0.0,0.0,0.0,0.0,0.0,0.0,0.7578125,0.7421875,0.640625,0.6328125,33.33333333333333,74.91547302866361,74.96068235738392,74.76186265202617,0.0,0.0,0.0,1.9951405129151092,99.6457518427186,0.0,0.0,0.0,0.0,0.0,2.028800372835942,99.66289800865994,0,0.0
0.4765625,0.5078125,0.7578125,0.7578125,0.7734375,0.7890625,0.0,0.0,0.0,0.0,0.0,0.0,0.0,0.0,0.7578125,0.7421875,0.640625,0.6328125,33.33333333333333,74.76186265202617,74.76186265202617,74.76186265202617,0.0,0.0,0.0,2.008512882304049,99.6457518427186,0.0,0.0,0.0,0.0,0.0,2.028800372835942,99.66289800865994,0,0.0
0.4765625,0.5078125,0.7578125,0.7578125,0.7734375,0.7890625,0.0,0.0,0.0,0.0,0.0,0.0,0.0,0.0,0.7578125,0.7421875,0.640625,0.6328125,33.33333333333333,74.76186265202617,74.76186265202617,74.76186265202617,0.0,0.0,0.0,1.9745334652548705,99.6457518427186,0.0,0.0,0.0,0.0,0.0,1.9991741464908688,99.66289800865994,0,0.0
0.4765625,0.5078125,0.7578125,0.7578125,0.7734375,0.7890625,0.0,0.0,0.0,0.0,0.0,0.0,0.0,0.0,0.7578125,0.7421875,0.640625,0.6328125,33.33333333333333,74.91547302866361,74.91547302866361,74.76186265202617,0.0,0.0,0.0,2.025755466137696,99.6457518427186,0.0,0.0,0.0,0.0,0.0,1.9915937344879564,99.66289800865994,0,0.0
0.4765625,0.5078125,0.7578125,0.7578125,0.7734375,0.7890625,0.0,0.0,0.0,0.0,0.0,0.0,0.0,0.0,0.7578125,0.7421875,0.640625,0.6328125,33.33333333333333,74.76186265202617,74.76186265202617,74.76186265202617,0.0,0.0,0.0,2.0287926821261766,99.6457518427186,0.0,0.0,0.0,0.0,0.0,1.9602512222732749,99.66289800865994,0,0.0
0.4765625,0.5078125,0.7578125,0.7578125,0.7734375,0.7890625,0.0,0.0,0.0,0.0,0.0,0.0,0.0,0.0,0.7578125,0.7421875,0.640625,0.6328125,33.33333333333333,74.76186265202617,74.76186265202617,74.91547302866361,0.0,0.0,0.0,2.008512882304049,99.6457518427186,0.0,0.0,0.0,0.0,0.0,2.028800372835942,99.66289800865994,0,0.0
0.4765625,0.5078125,0.7578125,0.7578125,0.7734375,0.7890625,0.0,0.0,0.0,0.0,0.0,0.0,0.0,0.0,0.7578125,0.7421875,0.640625,0.6328125,33.33333333333333,74.91547302866361,74.91547302866361,74.76186265202617,0.0,0.0,0.0,1.9951405129151092,99.6457518427186,0.0,0.0,0.0,0.0,0.0,2.028800372835942,99.66289800865994,0,0.0
0.4765625,0.5078125,0.7578125,0.7578125,0.7734375,0.7890625,0.0,0.0,0.0,0.0,0.0,0.0,0.0,0.0,0.7578125,0.7421875,0.640625,0.6328125,33.33333333333333,74.76186265202617,74.76186265202617,74.76186265202617,0.0,0.0,0.0,2.008512882304049,99.6457518427186,0.0,0.0,0.0,0.0,0.0,2.028800372835942,99.66289800865994,0,0.0
0.4765625,0.5078125,0.7578125,0.7578125,0.7734375,0.7890625,0.0,0.0,0.0,0.0,0.0,0.0,0.0,0.0,0.7578125,0.7734375,0.6328125,0.6328125,33.33333333333333,75.12379889033033,75.12379889033033,75.13431346882011,0.0,0.0,0.0,2.011971262191248,99.54859151894368,0.0,0.0,0.0,0.0,0.0,2.001497191855951,99.57301116205164,0,0.0
0.4765625,0.5078125,0.7578125,0.7578125,0.7734375,0.7890625,0.0,0.0,0.0,0.0,0.0,0.0,0.0,0.0,0.7578125,0.7734375,0.6328125,0.6328125,33.33333333333333,75.12379889033033,75.22012529234536,75.12379889033033,0.0,0.0,0.0,2.035136679881318,99.54859151894368,0.0,0.0,0.0,0.0,0.0,2.005302390021011,99.57301116205164,0,0.0
0.4765625,0.5078125,0.7578125,0.7578125,0.7734375,0.7890625,0.0,0.0,0.0,0.0,0.0,0.0,0.0,0.0,0.7578125,0.7734375,0.6328125,0.6328125,33.33333333333333,75.13431346882011,75.12379889033033,75.12379889033033,0.0,0.0,0.0,2.006026767025005,99.54859151894368,0.0,0.0,0.0,0.0,0.0,2.005302390021011,99.57301116205164,0,0.0
0.4765625,0.5078125,0.7578125,0.7578125,0.7734375,0.7890625,0.0,0.0,0.0,0.0,0.0,0.0,0.0,0.0,0.7578125,0.7734375,0.6328125,0.6328125,33.33333333333333,75.12379889033033,75.13431346882011,75.12379889033033,0.0,0.0,0.0,2.035136679881318,99.54859151894368,0.0,0.0,0.0,0.0,0.0,2.015583100682232,99.57301116205164,0,0.0
0.4765625,0.5078125,0.7578125,0.7578125,0.7734375,0.7890625,0.0,0.0,0.0,0.0,0.0,0.0,0.0,0.0,0.7578125,0.7734375,0.6328125,0.6328125,33.33333333333333,75.12379889033033,75.12379889033033,75.12379889033033,0.0,0.0,0.0,2.035082845536725,99.54859151894368,0.0,0.0,0.0,0.0,0.0,1.982289384916165,99.57301116205164,0,0.0
0.4765625,0.5078125,0.7578125,0.7578125,0.7734375,0.7890625,0.0,0.0,0.0,0.0,0.0,0.0,0.0,0.0,0.7578125,0.7734375,0.6328125,0.6328125,33.33333333333333,75.12379889033033,75.12379889033033,75.12379889033033,0.0,0.0,0.0,2.035136679881318,99.54859151894368,0.0,0.0,0.0,0.0,0.0,2.005302390021011,99.57301116205164,0,0.0
0.4765625,0.5078125,0.7578125,0.7578125,0.7734375,0.7890625,0.0,0.0,0.0,0.0,0.0,0.0,0.0,0.0,0.7578125,0.7734375,0.6328125,0.6328125,33.33333333333333,75.12379889033033,75.12379889033033,75.12379889033033,0.0,0.0,0.0,2.006026767025005,99.54859151894368,0.0,0.0,0.0,0.0,0.0,2.005302390021011,99.57301116205164,0,0.0
0.4765625,0.5078125,0.7578125,0.7578125,0.7734375,0.7890625,0.0,0.0,0.0,0.0,0.0,0.0,0.0,0.0,0.7578125,0.7734375,0.6328125,0.6328125,33.33333333333333,75.22012529234536,75.12379889033033,75.12379889033033,0.0,0.0,0.0,2.035136679881318,99.54859151894368,0.0,0.0,0.0,0.0,0.0,1.982289384916165,99.57301116205164,0,0.0
0.4765625,0.5078125,0.7578125,0.7578125,0.7734375,0.7890625,0.0,0.0,0.0,0.0,0.0,0.0,0.0,0.0,0.7578125,0.7734375,0.6328125,0.6328125,33.33333333333333,75.12379889033033,75.12379889033033,75.12379889033033,0.0,0.0,0.0,2.011971262191248,99.54859151894368,0.0,0.0,0.0,0.0,0.0,2.0076777746509658,99.82379888103416,0,0.0
0.4765625,0.5078125,0.7578125,0.7578125,0.7734375,0.7890625,0.0,0.0,0.0,0.0,0.0,0.0,0.0,0.0,0.7578125,0.7734375,0.6328125,0.6328125,33.33333333333333,75.12379889033033,75.13431346882011,75.12379889033033,0.0,0.0,0.0,2.035136679881318,99.54859151894368,0.0,0.0,0.0,0.0,0.0,2.015583100682232,99.82379888103416,0,0.0
0.4765625,0.5078125,0.7578125,0.7578125,0.7734375,0.7890625,0.0,0.0,0.0,0.0,0.0,0.0,0.0,0.0,0.7578125,0.7734375,0.6328125,0.6328125,33.33333333333333,75.12379889033033,75.12379889033033,75.12379889033033,0.0,0.0,0.0,2.035082845536725,99.54859151894368,0.0,0.0,0.0,0.0,0.0,2.005302390021011,99.57301116205164,0,0.0
0.4765625,0.5078125,0.7578125,0.7578125,0.7734375,0.7890625,0.0,0.0,0.0,0.0,0.0,0.0,0.0,0.0,0.7578125,0.7734375,0.6328125,0.6328125,33.33333333333333,75.12379889033033,75.12379889033033,75.12379889033033,0.0,0.0,0.0,2.035136679881318,99.54859151894368,0.0,0.0,0.0,0.0,0.0,2.005302390021011,99.57301116205164,0,0.0
0.4765625,0.5078125,0.7578125,0.7578125,0.7734375,0.7890625,0.0,0.0,0.0,0.0,0.0,0.0,0.0,0.0,0.7578125,0.7734375,0.6328125,0.6328125,33.33333333333333,75.12379889033033,75.12379889033033,75.12379889033033,0.0,0.0,0.0,2.035136679881318,99.54859151894368,0.0,0.0,0.0,0.0,0.0,2.0076777746509658,99.82379888103416,0,0.0
0.4765625,0.5078125,0.7578125,0.7578125,0.7734375,0.7890625,0.0,0.0,0.0,0.0,0.0,0.0,0.0,0.0,0.7578125,0.7734375,0.6328125,0.6328125,33.33333333333333,75.22012529234536,75.12379889033033,75.12379889033033,0.0,0.0,0.0,2.035136679881318,99.54859151894368,0.0,0.0,0.0,0.0,0.0,1.9936539171165064,99.82379888103416,0,0.0
0.4765625,0.5078125,0.7578125,0.7578125,0.7734375,0.7890625,0.0,0.0,0.0,0.0,0.0,0.0,0.0,0.0,0.7578125,0.7734375,0.6328125,0.6328125,33.33333333333333,75.12379889033033,75.12379889033033,75.12379889033033,0.0,0.0,0.0,2.006026767025005,99.54859151894368,0.0,0.0,0.0,0.0,0.0,2.0299460929355235,99.82379888103416,0,0.0
0.4765625,0.5078125,0.7578125,0.7578125,0.7734375,0.7890625,0.0,0.0,0.0,0.0,0.0,0.0,0.0,0.0,0.7578125,0.7734375,0.6328125,0.6328125,33.33333333333333,75.12379889033033,75.13431346882011,75.13431346882011,0.0,0.0,0.0,2.011971262191248,99.54859151894368,0.0,0.0,0.0,0.0,0.0,1.9519221709070145,99.82379888103416,0,0.0
0.4765625,0.5078125,0.7578125,0.7578125,0.7734375,0.7890625,0.0,0.0,0.0,0.0,0.0,0.0,0.0,0.0,0.7578125,0.7734375,0.6328125,0.6328125,33.33333333333333,75.12379889033033,75.12379889033033,75.12379889033033,0.0,0.0,0.0,2.035082845536725,99.54859151894368,0.0,0.0,0.0,0.0,0.0,2.005302390021011,99.57301116205164,0,0.0
0.4765625,0.5078125,0.7578125,0.7578125,0.7734375,0.7890625,0.0,0.0,0.0,0.0,0.0,0.0,0.0,0.0,0.7578125,0.7734375,0.6328125,0.6328125,33.33333333333333,75.12379889033033,75.12379889033033,75.12379889033033,0.0,0.0,0.0,2.006026767025005,99.5380615229359,0.0,0.0,0.0,0.0,0.0,2.005302390021011,99.57301116205164,0,0.0
0.4765625,0.5078125,0.7578125,0.7578125,0.7734375,0.7890625,0.0,0.0,0.0,0.0,0.0,0.0,0.0,0.0,0.7578125,0.7734375,0.6328125,0.6328125,33.33333333333333,75.12379889033033,75.12379889033033,75.12379889033033,0.0,0.0,0.0,2.011971262191248,99.65731594450853,0.0,0.0,0.0,0.0,0.0,1.982289384916165,99.57301116205164,0,0.0
0.4921875,0.5234375,0.7578125,0.7578125,0.7734375,0.7890625,0.0,0.0,0.0,0.0,0.0,0.0,0.0,0.0,0.7578125,0.7734375,0.6328125,0.6328125,33.33333333333333,75.13431346882011,75.12379889033033,75.12379889033033,0.0,0.0,0.0,2.006026767025005,99.57543685936636,0.0,0.0,0.0,0.0,0.0,2.0299460929355235,99.57301116205164,0,0.0
0.4921875,0.5234375,0.7578125,0.7578125,0.7734375,0.7890625,0.0,0.0,0.0,0.0,0.0,0.0,0.0,0.0,0.7578125,0.7734375,0.6328125,0.6328125,33.33333333333333,74.93958428354159,74.93958428354159,74.93958428354159,0.0,0.0,0.0,1.9884408569539012,99.9089749653827,0.0,0.0,0.0,0.0,0.0,1.9816519532175405,99.57301116205164,0,0.0
0.4921875,0.5234375,0.7578125,0.7578125,0.7734375,0.7890625,0.0,0.0,0.0,0.0,0.0,0.0,0.0,0.0,0.7578125,0.7734375,0.6328125,0.6328125,33.33333333333333,75.01318833654796,75.01318833654796,74.93958428354159,0.0,0.0,0.0,1.9785304292946648,99.9089749653827,0.0,0.0,0.0,0.0,0.0,2.0275753203860605,99.57301116205164,0,0.0
0.4921875,0.5234375,0.7578125,0.7578125,0.7734375,0.7890625,0.0,0.0,0.0,0.0,0.0,0.0,0.0,0.0,0.7578125,0.7734375,0.6328125,0.6328125,33.33333333333333,74.93958428354159,74.93958428354159,74.93958428354159,0.0,0.0,0.0,1.9785304292946648,99.9089749653827,0.0,0.0,0.0,0.0,0.0,2.0041514856653726,99.57301116205164,0,0.0
0.4921875,0.5234375,0.7578125,0.7578125,0.7734375,0.7890625,0.0,0.0,0.0,0.0,0.0,0.0,0.0,0.0,0.7578125,0.7734375,0.6328125,0.6328125,33.33333333333333,74.93958428354159,74.93958428354159,74.93958428354159,0.0,0.0,0.0,1.9884408569539012,99.9089749653827,0.0,0.0,0.0,0.0,0.0,2.0041514856653726,99.57301116205164,0,0.0
0.4921875,0.5234375,0.7578125,0.7578125,0.7734375,0.7890625,0.0,0.0,0.0,0.0,0.0,0.0,0.0,0.0,0.7578125,0.7734375,0.6328125,0.6328125,33.33333333333333,74.93958428354159,75.01554921339552,74.93958428354159,0.0,0.0,0.0,1.9785304292946648,99.9089749653827,0.0,0.0,0.0,0.0,0.0,2.0275753203860605,99.57301116205164,0,0.0
0.4921875,0.5234375,0.7578125,0.7578125,0.7734375,0.7890625,0.0,0.0,0.0,0.0,0.0,0.0,0.0,0.0,0.7578125,0.7734375,0.6328125,0.6328125,33.33333333333333,75.01318833654796,74.93958428354159,74.93958428354159,0.0,0.0,0.0,2.018524779119393,99.9089749653827,0.0,0.0,0.0,0.0,0.0,1.9893040109302416,99.57301116205164,0,0.0
0.4921875,0.5234375,0.7578125,0.7578125,0.7734375,0.7890625,0.0,0.0,0.0,0.0,0.0,0.0,0.0,0.0,0.7578125,0.7734375,0.6328125,0.6328125,33.33333333333333,74.93958428354159,74.93958428354159,74.93958428354159,0.0,0.0,0.0,2.015121518817329,99.9089749653827,0.0,0.0,0.0,0.0,0.0,2.03112245363436,99.57301116205164,0,0.0
0.4921875,0.5234375,0.7578125,0.7578125,0.7734375,0.7890625,0.0,0.0,0.0,0.0,0.0,0.0,0.0,0.0,0.7578125,0.7734375,0.6328125,0.6328125,33.33333333333333,74.93958428354159,74.93958428354159,75.01318833654796,0.0,0.0,0.0,1.9785304292946648,99.9089749653827,0.0,0.0,0.0,0.0,0.0,2.0165037121303344,99.57301116205164,0,0.0
0.4921875,0.5234375,0.7578125,0.7578125,0.7734375,0.7890625,0.0,0.0,0.0,0.0,0.0,0.0,0.0,0.0,0.7578125,0.7734375,0.6328125,0.6328125,33.33333333333333,74.93958428354159,75.01318833654796,74.93958428354159,0.0,0.0,0.0,2.018524779119393,99.9089749653827,0.0,0.0,0.0,0.0,0.0,1.9816519532175405,99.57301116205164,0,0.0
0.4921875,0.5234375,0.7578125,0.7578125,0.7734375,0.7890625,0.0,0.0,0.0,0.0,0.0,0.0,0.0,0.0,0.7578125,0.7734375,0.6328125,0.6328125,33.33333333333333,74.93958428354159,74.93958428354159,74.93958428354159,0.0,0.0,0.0,2.013326040052955,99.6688697156617,0.0,0.0,0.0,0.0,0.0,1.9908648231908248,99.57301116205164,0,0.0
0.4921875,0.5234375,0.7578125,0.7578125,0.7734375,0.7890625,0.0,0.0,0.0,0.0,0.0,0.0,0.0,0.0,0.7578125,0.7734375,0.6328125,0.6328125,33.33333333333333,74.93958428354159,74.93958428354159,74.93958428354159,0.0,0.0,0.0,1.9884408569539012,99.9089749653827,0.0,0.0,0.0,0.0,0.0,1.9753743959472123,99.57301116205164,0,0.0
0.4921875,0.5234375,0.7578125,0.7578125,0.7734375,0.7890625,0.0,0.0,0.0,0.0,0.0,0.0,0.0,0.0,0.7578125,0.7734375,0.6328125,0.6328125,33.33333333333333,74.93958428354159,74.93958428354159,74.93958428354159,0.0,0.0,0.0,1.9785304292946648,99.9089749653827,0.0,0.0,0.0,0.0,0.0,2.0041514856653726,99.57301116205164,0,0.0
0.4921875,0.5234375,0.7578125,0.7578125,0.7734375,0.7890625,0.0,0.0,0.0,0.0,0.0,0.0,0.0,0.0,0.7578125,0.7734375,0.6328125,0.6328125,33.33333333333333,75.01318833654796,74.93958428354159,74.93958428354159,0.0,0.0,0.0,1.989612482630944,99.9089749653827,0.0,0.0,0.0,0.0,0.0,2.0041514856653726,99.57301116205164,0,0.0
0.4921875,0.5234375,0.7578125,0.7578125,0.7734375,0.7890625,0.0,0.0,0.0,0.0,0.0,0.0,0.0,0.0,0.7578125,0.7734375,0.6328125,0.6328125,33.33333333333333,74.93958428354159,74.93958428354159,74.93958428354159,0.0,0.0,0.0,2.013326040052955,99.9089749653827,0.0,0.0,0.0,0.0,0.0,2.03112245363436,99.57301116205164,0,0.0
0.4921875,0.5234375,0.7578125,0.7578125,0.7734375,0.7890625,0.0,0.0,0.0,0.0,0.0,0.0,0.0,0.0,0.7578125,0.7734375,0.6328125,0.6328125,33.33333333333333,74.93958428354159,74.93958428354159,74.93958428354159,0.0,0.0,0.0,1.9785304292946648,99.9089749653827,0.0,0.0,0.0,0.0,0.0,2.03112245363436,99.57301116205164,0,0.0
0.4921875,0.5234375,0.7578125,0.7578125,0.7734375,0.7890625,0.0,0.0,0.0,0.0,0.0,0.0,0.0,0.0,0.7578125,0.7734375,0.6328125,0.6328125,33.33333333333333,74.93958428354159,75.01318833654796,74.93958428354159,0.0,0.0,0.0,2.008162115645673,99.9089749653827,0.0,0.0,0.0,0.0,0.0,1.977385676890704,99.57301116205164,0,0.0
0.4921875,0.5234375,0.7578125,0.7578125,0.7734375,0.7890625,0.0,0.0,0.0,0.0,0.0,0.0,0.0,0.0,0.7578125,0.7734375,0.6328125,0.6328125,33.33333333333333,74.93958428354159,74.93958428354159,74.93958428354159,0.0,0.0,0.0,1.9785304292946648,99.9089749653827,0.0,0.0,0.0,0.0,0.0,2.03112245363436,99.57301116205164,0,0.0
0.4921875,0.5234375,0.7578125,0.7578125,0.7734375,0.7890625,0.0,0.0,0.0,0.0,0.0,0.0,0.0,0.0,0.7578125,0.7734375,0.6328125,0.6328125,33.33333333333333,74.93958428354159,74.93958428354159,74.93958428354159,0.0,0.0,0.0,1.9884408569539012,99.9089749653827,0.0,0.0,0.0,0.0,0.0,1.9753743959472123,99.57301116205164,0,0.0
0.4921875,0.5234375,0.7578125,0.7578125,0.7734375,0.7890625,0.0,0.0,0.0,0.0,0.0,0.0,0.0,0.0,0.7578125,0.7734375,0.6328125,0.6328125,33.33333333333333,75.01318833654796,74.93958428354159,74.93958428354159,0.0,0.0,0.0,1.9785304292946648,99.9089749653827,0.0,0.0,0.0,0.0,0.0,2.020103320791044,99.57301116205164,0,0.0
0.4921875,0.5234375,0.7578125,0.7578125,0.7734375,0.7890625,0.0,0.0,0.0,0.0,0.0,0.0,0.0,0.0,0.7578125,0.7734375,0.6328125,0.6328125,33.33333333333333,74.93958428354159,74.93958428354159,74.93958428354159,0.0,0.0,0.0,1.989612482630944,99.9089749653827,0.0,0.0,0.0,0.0,0.0,2.0041514856653726,99.57301116205164,0,0.0
